# time period is_running is_waiting good_frames raw_frames good_uamps raw_uamph monitor1_sum dae_beam_current total_counts count_rate np_ratio
2009-08-06T03:33:32 1 1 0 169 169 0.206189 0.206189 0 44.7532 0 0 0 
2009-08-06T03:34:03 1 1 0 476 476 0.581215 0.581215 1 37.4593 0 0 0 
2009-08-06T03:34:33 1 1 0 779 779 0.951117 0.951117 1 43.8374 0 0 0 
2009-08-06T03:35:07 1 1 0 1124 1124 1.37254 1.37254 1 44.7434 0 0 0 
2009-08-06T03:35:40 1 1 0 1452 1452 1.77316 1.77316 1 44.7534 0 0 0 
2009-08-06T03:36:13 1 1 0 1780 1780 2.17391 2.17391 1 44.9436 0 0 0 
2009-08-06T03:36:45 1 1 0 2096 2096 2.55989 2.55989 2 44.7433 0 0 16.0917 
2009-08-06T03:37:17 1 1 0 2420 2420 2.95595 2.95595 2 44.9635 0 0 0 
2009-08-06T03:37:49 1 1 0 2737 2737 3.34294 3.34294 3 44.7284 0 0 0 
2009-08-06T03:38:21 1 1 0 3059 3059 3.73626 3.73626 3 43.8926 0 0 0 
2009-08-06T03:38:52 1 1 0 3374 3374 4.12089 4.12089 3 43.9573 0 0 0 
2009-08-06T03:39:25 1 1 0 3697 3697 4.51539 4.51539 3 44.9334 0 0 0 
2009-08-06T03:39:57 1 1 0 4018 4018 4.90712 4.90712 3 43.8976 0 0 0 
2009-08-06T03:40:27 1 1 0 4325 4325 5.28194 5.28194 3 43.8373 0 0 0 
2009-08-06T03:41:02 1 1 0 4672 4672 5.70555 5.70555 3 43.9976 0 0 0 
2009-08-06T03:41:34 1 1 0 4992 4992 6.09615 6.09615 3 43.9276 0 0 0 
2009-08-06T03:42:05 1 1 0 5296 5296 6.46758 6.46758 4 37.48 0 0 0 
2009-08-06T03:42:38 1 1 0 5629 5630 6.87405 6.87405 4 44.0175 0 0 0 
2009-08-06T03:43:10 1 1 0 5950 5951 7.26598 7.26598 4 44.8837 0 0 0 
2009-08-06T03:43:42 1 1 0 6273 6274 7.6601 7.6601 4 44.7282 0 0 0 
2009-08-06T03:44:15 1 1 0 6597 6598 8.05475 8.05475 4 44.1229 0 0 0 
2009-08-06T03:44:47 1 1 0 6920 6921 8.45018 8.45018 4 43.7871 0 0 0 
2009-08-06T03:45:19 1 1 0 7241 7242 8.84125 8.84125 4 44.0378 0 0 0 
2009-08-06T03:45:52 1 1 0 7568 7569 9.24173 9.24173 5 43.8125 0 0 16.4336 
2009-08-06T03:46:24 1 1 0 7894 7895 9.64033 9.64033 5 44.0974 0 0 0 
2009-08-06T03:46:57 1 1 0 8215 8216 10.0326 10.0326 5 43.9471 0 0 0 
2009-08-06T03:47:28 1 1 0 8531 8533 10.4189 10.4189 5 43.0414 0 0 0 
2009-08-06T03:47:59 1 1 0 8834 8836 10.7893 10.7893 5 44.0473 0 0 0 
2009-08-06T03:48:31 1 1 0 9162 9164 11.1889 11.1889 5 43.9526 0 0 0 
2009-08-06T03:49:04 1 1 0 9490 9492 11.5908 11.5908 5 43.9423 0 0 0 
2009-08-06T03:49:36 1 1 0 9812 9814 11.9839 11.9839 5 44.8988 0 0 0 
2009-08-06T03:50:08 1 1 0 10132 10134 12.3748 12.3748 5 44.1126 0 0 0 
2009-08-06T03:50:41 1 1 0 10454 10456 12.768 12.768 5 37.4386 0 0 0 
2009-08-06T03:51:13 1 1 0 10776 10778 13.1613 13.1613 5 43.8421 0 0 0 
2009-08-06T03:51:45 1 1 0 11097 11099 13.5534 13.5534 5 43.8324 0 0 0 
2009-08-06T03:52:17 1 1 0 11420 11422 13.9477 13.9477 5 44.0124 0 0 0 
2009-08-06T03:52:49 1 1 0 11736 11738 14.3333 14.3333 5 43.9677 0 0 0 
2009-08-06T03:53:20 1 1 0 12052 12054 14.7192 14.7192 5 43.8324 0 0 0 
2009-08-06T03:53:53 1 1 0 12374 12376 15.111 15.111 5 43.8125 0 0 0 
2009-08-06T03:54:25 1 1 0 12696 12698 15.5056 15.5056 5 43.7376 0 0 0 
2009-08-06T03:54:57 1 1 0 13023 13025 15.905 15.905 5 43.8922 0 0 0 
2009-08-06T03:55:30 1 1 0 13346 13348 16.2993 16.2993 5 43.8819 0 0 0 
2009-08-06T03:56:02 1 1 0 13673 13675 16.6985 16.6985 5 43.9574 0 0 0 
2009-08-06T03:56:34 1 1 0 13992 13994 17.088 17.088 5 43.9725 0 0 0 
2009-08-06T03:57:06 1 1 0 14306 14308 17.4717 17.4717 5 43.9876 0 0 0 
2009-08-06T03:57:38 1 1 0 14632 14634 17.8697 17.8697 5 43.9121 0 0 0 
2009-08-06T03:58:10 1 1 0 14948 14950 18.2557 18.2557 5 43.8983 0 0 0 
2009-08-06T03:58:42 1 1 0 15273 15275 18.6528 18.6528 5 44.0027 0 0 0 
2009-08-06T03:59:14 1 1 0 15593 15595 19.0435 19.0435 5 43.9877 0 0 0 
2009-08-06T03:59:45 1 1 0 15897 15899 19.4149 19.4149 5 44.758 0 0 0 
2009-08-06T04:00:18 1 1 0 16230 16232 19.8219 19.8219 5 44.1085 0 0 0 
2009-08-06T04:00:51 1 1 0 16562 16564 20.2273 20.2273 5 44.7237 0 0 0 
2009-08-06T04:01:24 1 1 0 16889 16891 20.627 20.627 5 44.9283 0 0 0 
2009-08-06T04:01:56 1 1 0 17207 17209 21.0156 21.0156 5 44.0975 0 0 0 
2009-08-06T04:02:28 1 1 0 17529 17531 21.4089 21.4089 5 44.7676 0 0 0 
2009-08-06T04:03:00 1 1 0 17851 17853 21.8026 21.8026 5 44.1126 0 0 0 
2009-08-06T04:03:33 1 1 0 18178 18180 22.2019 22.2019 5 43.8832 0 0 0 
2009-08-06T04:04:06 1 1 0 18507 18509 22.6041 22.6041 5 45.0039 0 0 0 
2009-08-06T04:04:38 1 1 0 18825 18827 22.9927 22.9927 5 44.9833 0 0 0 
2009-08-06T04:05:10 1 1 0 19151 19153 23.391 23.391 5 44.9531 0 0 0 
2009-08-06T04:05:41 1 1 0 19455 19457 23.761 23.761 5 43.8777 0 0 0 
2009-08-06T04:06:15 1 1 0 19799 19801 24.1827 24.1827 7 43.9478 0 0 16.383 
2009-08-06T04:06:47 1 1 0 20123 20125 24.5788 24.5788 7 43.8778 0 0 0 
2009-08-06T04:07:21 1 1 0 20454 20456 24.9845 24.9845 7 44.1222 0 0 0 
2009-08-06T04:07:52 1 1 0 20771 20773 25.3714 25.3714 7 43.8421 0 0 0 
2009-08-06T04:08:24 1 1 0 21093 21095 25.7649 25.7649 7 43.8215 0 0 0 
2009-08-06T04:08:56 1 1 0 21412 21414 26.1551 26.1551 8 44.1469 0 0 0 
2009-08-06T04:09:29 1 1 0 21734 21736 26.548 26.548 9 43.9272 0 0 16.3907 
2009-08-06T04:10:00 1 1 0 22051 22053 26.9356 26.9356 9 44.9998 0 0 0 
2009-08-06T04:10:32 1 1 0 22373 22375 27.3289 27.3289 9 43.9066 0 0 0 
2009-08-06T04:11:03 1 1 0 22677 22679 27.7007 27.7007 9 44.7883 0 0 0 
2009-08-06T04:11:38 1 1 0 23030 23032 28.1312 28.1312 9 43.9313 0 0 0 
2009-08-06T04:12:11 1 1 0 23356 23358 28.5313 28.5313 9 45.0039 0 0 0 
2009-08-06T04:12:41 1 1 0 23662 23664 28.904 28.904 9 43.8778 0 0 0 
2009-08-06T04:13:15 1 1 0 23995 23997 29.3113 29.3113 9 44.1469 0 0 0 
2009-08-06T04:13:45 1 1 0 24298 24300 29.6826 29.6826 9 43.8475 0 0 0 
2009-08-06T04:14:19 1 1 0 24641 24643 30.1018 30.1018 9 44.7484 0 0 0 
2009-08-06T04:14:51 1 1 0 24961 24963 30.4928 30.4928 9 43.8874 0 0 0 
2009-08-06T04:15:22 1 1 0 25267 25269 30.8657 30.8657 9 44.0974 0 0 0 
2009-08-06T04:15:55 1 1 0 25597 25599 31.27 31.27 9 44.7278 0 0 0 
2009-08-06T04:16:29 1 1 0 25779 25943 31.4926 31.4926 9 0 0 0 0 
2009-08-06T04:17:01 1 1 0 25779 26262 31.4926 31.4926 9 0 0 0 0 
2009-08-06T04:17:33 1 1 0 25779 26584 31.4926 31.4926 9 0 0 0 0 
2009-08-06T04:18:06 1 1 0 25779 26908 31.4926 31.4926 9 0 0 0 0 
2009-08-06T04:18:37 1 1 0 25779 27225 31.4926 31.4926 9 0 0 0 0 
2009-08-06T04:19:10 1 1 0 25779 27547 31.4926 31.4926 9 0 0 0 0 
2009-08-06T04:19:42 1 1 0 25779 27871 31.4926 31.4926 9 0 0 0 0 
2009-08-06T04:20:13 1 1 0 25779 28183 31.4926 31.4926 9 0 0 0 0 
2009-08-06T04:20:48 1 1 0 25779 28529 31.4926 31.4926 9 0 0 0 0 
2009-08-06T04:21:20 1 1 0 25779 28855 31.4926 31.4926 9 0 0 0 0 
2009-08-06T04:21:53 1 1 0 25779 29178 31.4926 31.4926 9 0 0 0 0 
2009-08-06T04:22:25 1 1 0 25779 29502 31.4926 31.4926 9 0 0 0 0 
2009-08-06T04:22:56 1 1 0 25779 29806 31.4926 31.4926 9 0 0 0 0 
2009-08-06T04:23:30 1 1 0 25779 30150 31.4926 31.4926 9 0 0 0 0 
2009-08-06T04:24:02 1 1 0 25788 30475 31.5036 31.5036 9 1.76192 0 0 0 
2009-08-06T04:24:35 1 1 0 25798 30799 31.5158 31.5158 9 1.76192 0 0 0 
2009-08-06T04:25:08 1 1 0 25863 31126 31.5947 31.5947 9 43.783 0 0 0 
2009-08-06T04:25:40 1 1 0 26187 31450 31.991 31.991 9 44.0027 0 0 0 
2009-08-06T04:26:12 1 1 0 26512 31775 32.3887 32.3887 9 44.0824 0 0 0 
2009-08-06T04:26:44 1 1 0 26831 32094 32.7786 32.7786 9 44.7938 0 0 0 
2009-08-06T04:27:17 1 1 0 27159 32422 33.1797 33.1797 9 43.9039 0 0 0 
2009-08-06T04:27:50 1 1 0 27484 32747 33.5759 33.5759 9 44.1181 0 0 0 
2009-08-06T04:28:21 1 1 0 27802 33065 33.9658 33.9658 9 44.2143 0 0 0 
2009-08-06T04:28:55 1 1 0 28136 33399 34.3743 34.3743 9 44.0933 0 0 0 
2009-08-06T04:29:26 1 1 0 28447 33710 34.7542 34.7542 9 43.8077 0 0 0 
2009-08-06T04:29:59 1 1 0 28780 34043 35.1618 35.1618 9 44.8074 0 0 0 
2009-08-06T04:30:32 1 1 0 29107 34370 35.5611 35.5611 9 43.7665 0 0 0 
2009-08-06T04:31:04 1 1 0 29429 34692 35.9551 35.9551 9 44.0576 0 0 0 
2009-08-06T04:31:36 1 1 0 29752 35015 36.3501 36.3501 9 44.0714 0 0 0 
2009-08-06T04:32:09 1 1 0 30079 35342 36.7498 36.7498 9 43.8682 0 0 0 
2009-08-06T04:32:41 1 1 0 30397 35660 37.1393 37.1393 9 44.9585 0 0 0 
2009-08-06T04:33:12 1 1 0 30710 35973 37.5206 37.5206 9 43.8435 0 0 0 
2009-08-06T04:33:44 1 1 0 31027 36290 37.9099 37.9099 10 43.9643 0 0 0 
2009-08-06T04:34:17 1 1 0 31362 36625 38.3203 38.3203 10 44.1126 0 0 0 
2009-08-06T04:34:50 1 1 0 31686 36949 38.7169 38.7169 10 44.0659 0 0 0 
2009-08-06T04:35:20 1 1 0 31992 37255 39.0911 39.0911 10 44.9228 0 0 0 
2009-08-06T04:35:55 1 1 0 32338 37601 39.5139 39.5139 10 43.7693 0 0 0 
2009-08-06T04:36:28 1 1 0 32664 37927 39.9129 39.9129 10 44.011 0 0 0 
2009-08-06T04:37:00 1 1 0 32985 38248 40.3056 40.3056 10 44.1126 0 0 0 
2009-08-06T04:37:31 1 1 0 33300 38563 40.6909 40.6909 10 44.8542 0 0 0 
2009-08-06T04:38:03 1 1 0 33622 38885 41.0842 41.0842 10 44.1126 0 0 0 
2009-08-06T04:38:37 1 1 0 33950 39213 41.4851 41.4851 10 45.024 0 0 0 
2009-08-06T04:39:11 1 1 0 34299 39562 41.9115 41.9115 10 44.854 0 0 0 
2009-08-06T04:39:42 1 1 0 34610 39873 42.2914 42.2914 11 44.0576 0 0 0 
2009-08-06T04:40:16 1 1 0 34952 40215 42.7091 42.7091 11 44.7359 0 0 0 
2009-08-06T04:40:48 1 1 0 35268 40531 43.095 43.095 11 44.0768 0 0 0 
2009-08-06T04:41:18 1 1 0 35571 40834 43.4648 43.4648 11 44.0082 0 0 0 
2009-08-06T04:41:49 1 1 0 35875 41138 43.8357 43.8357 11 44.6755 0 0 0 
2009-08-06T04:42:19 1 1 0 36178 41441 44.2056 44.2056 11 43.9643 0 0 0 
2009-08-06T04:42:51 1 1 0 36500 41763 44.5988 44.5988 11 44.9448 0 0 0 
2009-08-06T04:43:24 1 1 0 36824 42087 44.9942 44.9942 11 44.9338 0 0 0 
2009-08-06T04:43:54 1 1 0 37128 42391 45.3655 45.3655 12 44.9201 0 0 0 
2009-08-06T04:44:29 1 1 0 37473 42736 45.7867 45.7867 12 36.7277 0 0 0 
2009-08-06T04:45:00 1 1 0 37790 43053 46.1734 46.1734 12 43.8462 0 0 0 
2009-08-06T04:45:32 1 1 0 38106 43369 46.5594 46.5594 12 44.1208 0 0 0 
2009-08-06T04:46:04 1 1 0 38432 43695 46.9572 46.9572 12 43.8187 0 0 0 
2009-08-06T04:46:35 1 1 0 38736 43999 47.3285 47.3285 12 44.8624 0 0 0 
2009-08-06T04:47:09 1 1 0 39079 44342 47.7474 47.7474 12 43.9781 0 0 0 
2009-08-06T04:47:40 1 1 0 39383 44646 48.1188 48.1188 12 37.4603 0 0 0 
2009-08-06T04:48:10 1 1 0 39687 44950 48.4898 48.4886 12 44.6535 0 0 0 
2009-08-06T04:48:45 1 1 0 40038 45301 48.9187 48.9187 12 44.1015 0 0 0 
2009-08-06T04:49:18 1 1 0 40364 45627 49.3167 49.3167 12 43.827 0 0 0 
2009-08-06T04:49:50 1 1 0 40689 45952 49.7138 49.7138 12 44.0356 0 0 0 
2009-08-06T04:50:21 1 1 0 40993 46256 50.0837 50.0837 12 43.827 0 0 0 
2009-08-06T04:50:55 1 1 0 41338 46601 50.5064 50.5064 12 44.7581 0 0 0 
2009-08-06T04:51:27 1 1 0 41660 46923 50.8996 50.8996 12 43.9588 0 0 0 
2009-08-06T04:51:59 1 1 0 41980 47243 51.2905 51.2905 12 44.9997 0 0 0 
2009-08-06T04:52:31 1 1 0 42300 47563 51.68 51.68 12 44.0659 0 0 0 
2009-08-06T04:53:04 1 1 0 42624 47887 52.0768 52.0768 12 44.0687 0 0 0 
2009-08-06T04:53:36 1 1 0 42944 48207 52.4674 52.4674 12 44.5739 0 0 0 
2009-08-06T04:54:08 1 1 0 43264 48527 52.8584 52.8584 12 44.1263 0 0 0 
2009-08-06T04:54:40 1 1 0 43584 48847 53.2491 53.2491 12 43.8545 0 0 0 
2009-08-06T04:55:12 1 1 0 43905 49168 53.6413 53.6413 12 43.772 0 0 0 
2009-08-06T04:55:45 1 1 0 44232 49495 54.0409 54.0409 12 36.7666 0 0 0 
2009-08-06T04:56:17 1 1 0 44555 49818 54.4355 54.4355 12 43.8682 0 0 0 
2009-08-06T04:56:49 1 1 0 44876 50139 54.8276 54.8276 12 43.967 0 0 0 
2009-08-06T04:57:21 1 1 0 45196 50459 55.2184 55.2184 12 44.1016 0 0 0 
2009-08-06T04:57:52 1 1 0 45510 50773 55.6016 55.6016 12 44.8405 0 0 0 
2009-08-06T04:58:24 1 1 0 45824 51087 55.9851 55.9851 12 44.0275 0 0 0 
2009-08-06T04:58:56 1 1 0 46143 51406 56.3745 56.3745 12 43.9808 0 0 0 
2009-08-06T04:59:27 1 1 0 46459 51722 56.7605 56.7605 13 44.9832 0 0 0 
2009-08-06T04:59:59 1 1 0 46773 52036 57.144 57.144 13 44.0549 0 0 0 
2009-08-06T05:00:29 1 1 0 47077 52340 57.515 57.515 13 43.846 0 0 0 
2009-08-06T05:01:04 1 1 0 47424 52687 57.9388 57.9388 14 44.7324 0 0 0 
2009-08-06T05:01:35 1 1 0 47741 53004 58.3259 58.3259 14 43.8407 0 0 0 
2009-08-06T05:02:06 1 1 0 48045 53308 58.6972 58.6972 14 43.9889 0 0 0 
2009-08-06T05:02:39 1 1 0 48382 53645 59.1089 59.1089 14 44.8789 0 0 0 
2009-08-06T05:03:11 1 1 0 48697 53960 59.4939 59.4939 14 44.1676 0 0 0 
2009-08-06T05:03:42 1 1 0 49011 54274 59.8772 59.8772 14 44.0769 0 0 0 
2009-08-06T05:04:14 1 1 0 49330 54593 60.2666 60.2666 14 44.574 0 0 0 
2009-08-06T05:04:47 1 1 0 49659 54922 60.6685 60.6685 15 44.5739 0 0 0 
2009-08-06T05:05:19 1 1 0 49982 55245 61.0624 61.0624 15 43.9533 0 0 0 
2009-08-06T05:05:52 1 1 0 50302 55565 61.454 61.454 15 36.611 0 0 0 
2009-08-06T05:06:24 1 1 0 50625 55888 61.8485 61.8485 15 44.7031 0 0 0 
2009-08-06T05:06:56 1 1 0 50948 56211 62.2408 62.2408 15 44.011 0 0 0 
2009-08-06T05:07:28 1 1 0 51268 56531 62.6345 62.6345 15 44.173 0 0 0 
2009-08-06T05:08:00 1 1 0 51584 56847 63.0198 63.0198 15 43.7363 0 0 0 
2009-08-06T05:08:32 1 1 0 51905 57168 63.4116 63.4116 15 44.0275 0 0 0 
2009-08-06T05:09:04 1 1 0 52228 57491 63.806 63.806 15 43.794 0 0 0 
2009-08-06T05:09:35 1 1 0 52532 57795 64.1765 64.1765 15 36.7048 0 0 0 
2009-08-06T05:10:09 1 1 0 52872 58135 64.591 64.591 15 36.6728 0 0 0 
2009-08-06T05:10:40 1 1 0 53192 58455 64.9827 64.9827 15 44.857 0 0 0 
2009-08-06T05:11:11 1 1 0 53500 58763 65.3584 65.3584 15 43.7638 0 0 0 
2009-08-06T05:11:46 1 1 0 53844 59107 65.7788 65.7788 15 44.0439 0 0 0 
2009-08-06T05:12:18 1 1 0 54164 59427 66.1692 66.1692 15 44.8019 0 0 0 
2009-08-06T05:12:50 1 1 0 54488 59751 66.5639 66.5639 15 44.1978 0 0 0 
2009-08-06T05:13:22 1 1 0 54811 60074 66.9603 66.9603 15 43.9835 0 0 0 
2009-08-06T05:13:54 1 1 0 55129 60392 67.3469 67.3469 15 44.1318 0 0 0 
2009-08-06T05:14:25 1 1 0 55432 60695 67.7178 67.7178 15 43.8736 0 0 0 
2009-08-06T05:14:59 1 1 0 55781 61044 68.145 68.145 15 44.1648 0 0 0 
2009-08-06T05:15:32 1 1 0 56110 61373 68.5463 68.5463 15 43.9613 0 0 0 
2009-08-06T05:16:05 1 1 0 56434 61697 68.9415 68.9415 15 44.4449 0 0 0 
2009-08-06T05:16:38 1 1 0 56762 62025 69.3424 69.3424 15 44.0714 0 0 0 
2009-08-06T05:17:09 1 1 0 57073 62336 69.7221 69.7221 15 43.8736 0 0 0 
2009-08-06T05:17:39 1 1 0 57376 62639 70.0925 70.0925 15 43.8626 0 0 0 
2009-08-06T05:18:09 1 1 0 57680 62943 70.4633 70.4633 15 44.5875 0 0 0 
2009-08-06T05:18:40 1 1 0 57983 63246 70.8333 70.8333 15 44.0384 0 0 0 
2009-08-06T05:19:12 1 1 0 58307 63570 71.2289 71.2289 15 43.7527 0 0 0 
2009-08-06T05:19:44 1 1 0 58631 63894 71.6237 71.6237 15 44.5933 0 0 0 
2009-08-06T05:20:17 1 1 0 58951 64214 72.0143 72.0143 15 44.0273 0 0 0 
2009-08-06T05:20:49 1 1 0 59273 64536 72.4073 72.4073 15 44.0768 0 0 0 
2009-08-06T05:21:20 1 1 0 59590 64853 72.7941 72.7941 15 44.1044 0 0 0 
2009-08-06T05:21:54 1 1 0 59923 65186 73.2003 73.2003 15 44.6811 0 0 0 
2009-08-06T05:22:26 1 1 0 60247 65510 73.5961 73.5961 15 44.0439 0 0 0 
2009-08-06T05:22:58 1 1 0 60570 65833 73.9904 73.9904 15 44.1483 0 0 0 
2009-08-06T05:23:30 1 1 0 60889 66152 74.3791 74.3791 15 44.6922 0 0 0 
2009-08-06T05:24:02 1 1 0 61209 66472 74.77 74.77 15 44.9173 0 0 0 
2009-08-06T05:24:34 1 1 0 61529 66792 75.1608 75.1608 15 43.9725 0 0 0 
2009-08-06T05:25:06 1 1 0 61848 67111 75.5504 75.5504 15 44.1318 0 0 0 
2009-08-06T05:25:38 1 1 0 62165 67428 75.9371 75.9371 15 44.0274 0 0 0 
2009-08-06T05:26:11 1 1 0 62491 67754 76.3348 76.3348 15 36.5034 0 0 0 
2009-08-06T05:26:42 1 1 0 62809 68072 76.7231 76.7231 15 44.0823 0 0 0 
2009-08-06T05:27:15 1 1 0 63136 68399 77.1221 77.1221 15 44.0439 0 0 0 
2009-08-06T05:27:46 1 1 0 63448 68711 77.5029 77.5029 15 43.8077 0 0 0 
2009-08-06T05:28:18 1 1 0 63764 69027 77.8884 77.8884 15 43.8187 0 0 0 
2009-08-06T05:28:52 1 1 0 64106 69369 78.3057 78.3057 15 44.0439 0 0 0 
2009-08-06T05:29:25 1 1 0 64433 69696 78.7046 78.7046 15 44.8459 0 0 0 
2009-08-06T05:29:57 1 1 0 64753 70016 79.0953 79.0953 16 44.9393 0 0 0 
2009-08-06T05:30:28 1 1 0 65070 70333 79.4823 79.4823 16 44.0218 0 0 0 
2009-08-06T05:30:59 1 1 0 65376 70639 79.856 79.856 16 44.1209 0 0 0 
