2000 219.8 1
2005 217.6 1
2010 217 1
2015 217.9 1
2020 218.3 1
2025 216.9 1
2030 218.4 1
2035 223.9 1
2040 223.8 1
2045 220.4 1
2050 216.6 1
2055 221.2 1
2060 217.6 1
2065 217.1 1
2070 215.5 1
2075 218.2 1
2080 218.6 1
2085 225.6 1
2090 216.9 1
2095 218.1 1
2100 225.4 1
2105 215.7 1
2110 214.5 1
2115 214.6 1
2120 219 1
2125 219.6 1
2130 229.3 1
2135 220.1 1
2140 214.7 1
2145 220.2 1
2150 216.9 1
2155 217.3 1
2160 214.4 1
2165 214.5 1
2170 222.8 1
2175 219.6 1
2180 233.7 1
2185 218.4 1
2190 214.1 1
2195 224.3 1
2200 219.5 1
2205 221.1 1
2210 216.4 1
2215 212.8 1
2220 216.4 1
2225 218.2 1
2230 217.8 1
2235 220.4 1
2240 212.7 1
2245 213.5 1
2250 222.7 1
2255 215.4 1
2260 217 1
2265 213.7 1
2270 211.7 1
2275 217.9 1
2280 228.9 1
2285 216.2 1
2290 224.1 1
2295 214 1
2300 211.1 1
2305 215.2 1
2310 220 1
2315 213.1 1
2320 217.8 1
2325 212.2 1
2330 210.7 1
2335 219.4 1
2340 241.3 1
2345 219.8 1
2350 246.5 1
2355 229.3 1
2360 211 1
2365 211.2 1
2370 224.5 1
2375 218.7 1
2380 215.2 1
2385 222.2 1
2390 211.1 1
2395 209.1 1
2400 212.2 1
2405 223.6 1
2410 213.3 1
2415 221.1 1
2420 224.8 1
2425 210.1 1
2430 208.7 1
2435 215.1 1
2440 236 1
2445 216 1
2450 220.2 1
2455 228.2 1
2460 210.5 1
2465 207.8 1
2470 208.8 1
2475 218.7 1
2480 214.1 1
2485 217.8 1
2490 259 1
2495 225.9 1
2500 208.2 1
2505 207.3 1
2510 215.9 1
2515 234.5 1
2520 213.1 1
2525 208.1 1
2530 209.8 1
2535 206.9 1
2540 206.2 1
2545 207 1
2550 225.4 1
2555 261.3 1
2560 220.3 1
2565 225.4 1
2570 272.8 1
2575 226 1
2580 207 1
2585 205.7 1
2590 210.1 1
2595 240.3 1
2600 225.7 1
2605 206.6 1
2610 204.6 1
2615 204.2 1
2620 204.1 1
2625 204 1
2630 204.1 1
2635 208.6 1
2640 224 1
2645 211.7 1
2650 205.8 1
2655 219.2 1
2660 219.3 1
2665 205.6 1
2670 203.5 1
2675 203.6 1
2680 210 1
2685 253.1 1
2690 239.1 1
2695 208.5 1
2700 219.9 1
2705 251.2 1
2710 218.1 1
2715 204.1 1
2720 202.7 1
2725 203 1
2730 214.6 1
2735 254 1
2740 226 1
2745 207.4 1
2750 243.9 1
2755 311.2 1
2760 236.8 1
2765 205.5 1
2770 202 1
2775 201.6 1
2780 205.7 1
2785 236.9 1
2790 232.9 1
2795 206.4 1
2800 204.3 1
2805 225.2 1
2810 223.4 1
2815 204.4 1
2820 200.6 1
2825 200.2 1
2830 200.6 1
2835 209.3 1
2840 258.8 1
2845 245.4 1
2850 208.6 1
2855 209.1 1
2860 281.5 1
2865 307.5 1
2870 225.1 1
2875 202.7 1
2880 199.7 1
2885 199.3 1
2890 200.8 1
2895 228.4 1
2900 275.2 1
2905 228 1
2910 202.7 1
2915 200.1 1
2920 208.5 1
2925 208.1 1
2930 199.7 1
2935 197.6 1
2940 197.3 1
2945 197.2 1
2950 197.6 1
2955 205.6 1
2960 237.7 1
2965 224.8 1
2970 202.8 1
2975 199.6 1
2980 224.4 1
2985 287.9 1
2990 244.1 1
2995 205.4 1
3000 197.9 1
3005 196.6 1
3010 196.5 1
3015 197.4 1
3020 214.3 1
3025 301.7 1
3030 290.1 1
3035 219 1
3040 200.2 1
3045 201.5 1
3050 233.7 1
3055 240.4 1
3060 208 1
3065 197.3 1
3070 195.2 1
3075 194.8 1
3080 195 1
3085 196.1 1
3090 214.3 1
3095 310.9 1
3100 309.2 1
3105 226.8 1
3110 201.4 1
3115 199.7 1
3120 242.5 1
3125 314.2 1
3130 252.9 1
3135 206.8 1
3140 196 1
3145 193.5 1
3150 192.8 1
3155 192.6 1
3160 192.7 1
3165 196.2 1
3170 217.1 1
3175 220.1 1
3180 201.1 1
3185 194.1 1
3190 193.1 1
3195 201.9 1
3200 247.4 1
3205 248.6 1
3210 209.8 1
3215 195.6 1
3220 192.2 1
3225 191.4 1
3230 191.3 1
3235 191.5 1
3240 192.3 1
3245 202.4 1
3250 281.1 1
3255 336.5 1
3260 253.2 1
3265 207.7 1
3270 196.5 1
3275 198.7 1
3280 264.3 1
3285 421.2 1
3290 347.8 1
3295 237.7 1
3300 202.5 1
3305 193.2 1
3310 190.6 1
3315 189.7 1
3320 189.4 1
3325 189.5 1
3330 191.1 1
3335 214 1
3340 281.8 1
3345 264.2 1
3350 214 1
3355 195.7 1
3360 190.9 1
3365 191.8 1
3370 220.5 1
3375 295.7 1
3380 270.5 1
3385 215.8 1
3390 195.6 1
3395 189.7 1
3400 187.9 1
3405 187.3 1
3410 187.1 1
3415 187.2 1
3420 187.6 1
3425 190.4 1
3430 224.6 1
3435 323.3 1
3440 303.9 1
3445 230.6 1
3450 200.5 1
3455 191.5 1
3460 189.9 1
3465 202.2 1
3470 299.9 1
3475 395.9 1
3480 302.1 1
3485 225.4 1
3490 198.4 1
3495 189.7 1
3500 186.7 1
3505 185.7 1
3510 185.4 1
3515 185.4 1
3520 185.9 1
3525 187.4 1
3530 199.7 1
3535 307.2 1
3540 470.8 1
3545 376.7 1
3550 256.8 1
3555 209.2 1
3560 192.9 1
3565 187.2 1
3570 186.4 1
3575 200.1 1
3580 238.5 1
3585 232.8 1
3590 203.9 1
3595 190 1
3600 185 1
3605 183.1 1
3610 182.3 1
3615 181.9 1
3620 181.9 1
3625 181.9 1
3630 182 1
3635 182.3 1
3640 183.4 1
3645 196.2 1
3650 265.6 1
3655 313.7 1
3660 256.8 1
3665 211.2 1
3670 192.9 1
3675 186.2 1
3680 184.3 1
3685 185.4 1
3690 206.9 1
3695 339.8 1
3700 463.9 1
3705 358.4 1
3710 254.3 1
3715 209.4 1
3720 191.7 1
3725 184.6 1
3730 181.6 1
3735 180.3 1
3740 179.6 1
3745 179.3 1
3750 179.2 1
3755 179.3 1
3760 179.6 1
3765 180.9 1
3770 195.2 1
3775 271.7 1
3780 333.7 1
3785 276.3 1
3790 220.8 1
3795 195.7 1
3800 185.1 1
3805 180.6 1
3810 178.6 1
3815 177.6 1
3820 177.1 1
3825 176.8 1
3830 176.5 1
3835 176.5 1
3840 176.3 1
3845 176.2 1
3850 176.1 1
3855 176 1
3860 175.9 1
3865 175.9 1
3870 175.8 1
3875 175.8 1
3880 175.8 1
3885 175.9 1
3890 176.5 1
3895 177 1
3900 178 1
3905 182.3 1
3910 223.5 1
3915 375.6 1
3920 443.2 1
3925 337.9 1
3930 251.9 1
3935 210.8 1
3940 192.4 1
3945 184.3 1
3950 181.3 1
3955 181.3 1
3960 186.3 1
3965 239.8 1
3970 508.3 1
3975 757.1 1
3980 589.8 1
3985 381.2 1
3990 272.1 1
3995 220.6 1
4000 196.3 1
4005 184.7 1
4010 179.1 1
4015 176.3 1
4020 174.8 1
4025 174.1 1
4030 173.6 1
4035 173.4 1
4040 173.4 1
4045 173.6 1
4050 174.2 1
4055 175.3 1
4060 179.8 1
4065 221.4 1
4070 385.4 1
4075 493.9 1
4080 392.8 1
4085 285.6 1
4090 228.2 1
4095 199.8 1
4100 185.8 1
4105 178.9 1
4110 175.6 1
4115 174.3 1
4120 174.5 1
4125 181.1 1
4130 236.2 1
4135 366.2 1
4140 385.4 1
4145 301 1
4150 237.6 1
4155 204.3 1
4160 187.4 1
4165 178.7 1
4170 174.1 1
4175 171.8 1
4180 170.4 1
4185 169.7 1
4190 169.3 1
4195 169 1
4200 168.8 1
4205 168.7 1
4210 168.7 1
4215 168.8 1
4220 169 1
4225 169.4 1
4230 170.3 1
4235 173.6 1
4240 201.4 1
4245 317.7 1
4250 422.4 1
4255 366 1
4260 279.8 1
4265 227.7 1
4270 199.7 1
4275 184.7 1
4280 176.8 1
4285 172.6 1
4290 170.5 1
4295 169.5 1
4300 169.5 1
4305 171 1
4310 184.5 1
4315 266.9 1
4320 413.9 1
4325 417.2 1
4330 323.4 1
4335 253.2 1
4340 213.7 1
4345 191.9 1
4350 179.9 1
4355 173.6 1
4360 169.9 1
4365 167.8 1
4370 166.5 1
4375 165.8 1
4380 165.4 1
4385 165.1 1
4390 164.9 1
4395 164.8 1
4400 164.8 1
4405 164.9 1
4410 165 1
4415 165.2 1
4420 165.7 1
4425 166.6 1
4430 168.3 1
4435 174.5 1
4440 221 1
4445 412.8 1
4450 615.2 1
4455 551.7 1
4460 402.7 1
4465 301.4 1
4470 242.6 1
4475 208.9 1
4480 189.6 1
4485 178.6 1
4490 172.3 1
4495 168.6 1
4500 166.7 1
4505 165.9 1
4510 166 1
4515 167.4 1
4520 178.2 1
4525 249.8 1
4530 420.5 1
4535 486.3 1
4540 396.5 1
4545 303.2 1
4550 244.7 1
4555 210.2 1
4560 189.9 1
4565 177.9 1
4570 170.8 1
4575 166.6 1
4580 164 1
4585 162.7 1
4590 161.8 1
4595 161.1 1
4600 160.7 1
4605 160.4 1
4610 160.2 1
4615 160.1 1
4620 160 1
4625 160 1
4630 159.9 1
4635 159.9 1
4640 160.1 1
4645 160.3 1
4650 160.8 1
4655 161.5 1
4660 162.9 1
4665 166.7 1
4670 192.3 1
4675 321.3 1
4680 541.2 1
4685 575.3 1
4690 452.4 1
4695 341.3 1
4700 270.4 1
4705 227 1
4710 200.5 1
4715 184.4 1
4720 174.5 1
4725 168.5 1
4730 164.9 1
4735 162.9 1
4740 161.8 1
4745 161.5 1
4750 161.9 1
4755 163.2 1
4760 166.6 1
4765 185.7 1
4770 302.7 1
4775 594.5 1
4780 758.6 1
4785 637.1 1
4790 468.9 1
4795 352.5 1
4800 279 1
4805 233 1
4810 204.3 1
4815 186.3 1
4820 175 1
4825 167.8 1
4830 163.3 1
4835 160.4 1
4840 158.5 1
4845 157.2 1
4850 156.5 1
4855 155.9 1
4860 155.5 1
4865 155.2 1
4870 154.9 1
4875 154.7 1
4880 154.5 1
4885 154.4 1
4890 154.3 1
4895 154.2 1
4900 154.1 1
4905 154.1 1
4910 154.1 1
4915 154.2 1
4920 154.4 1
4925 154.7 1
4930 155.2 1
4935 156.6 1
4940 163.8 1
4945 205.8 1
4950 311.7 1
4955 381.8 1
4960 346.2 1
4965 284.2 1
4970 238.2 1
4975 207.9 1
4980 188.2 1
4985 175.4 1
4990 167.2 1
4995 161.8 1
5000 158.3 1
5005 156 1
5010 154.5 1
5015 153.5 1
5020 152.8 1
5025 152.4 1
5030 152.1 1
5035 152 1
5040 152 1
5045 152.2 1
5050 152.9 1
5055 157.2 1
5060 181 1
5065 237.9 1
5070 274.9 1
5075 256.9 1
5080 224.2 1
5085 199.3 1
5090 182.5 1
5095 171.4 1
5100 164 1
5105 159.1 1
5110 155.8 1
5115 153.6 1
5120 152.1 1
5125 151.1 1
5130 150.4 1
5135 149.9 1
5140 149.5 1
5145 149.2 1
5150 149 1
5155 148.8 1
5160 148.7 1
5165 148.5 1
5170 149 1
5175 148.9 1
5180 148.9 1
5185 148.9 1
5190 148.8 1
5195 148.8 1
5200 148.9 1
5205 148.9 1
5210 149 1
5215 149.1 1
5220 149.3 1
5225 149.5 1
5230 149.9 1
5235 150.4 1
5240 151 1
5245 152.1 1
5250 153.7 1
5255 156.3 1
5260 162 1
5265 189.5 1
5270 333.9 1
5275 701 1
5280 1001.9 1
5285 937.8 1
5290 724.1 1
5295 544.2 1
5300 418.3 1
5305 332.9 1
5310 274.1 1
5315 234.1 1
5320 206.8 1
5325 188.2 1
5330 175.6 1
5335 167 1
5340 161.2 1
5345 157.3 1
5350 154.6 1
5355 152.9 1
5360 151.9 1
5365 151.4 1
5370 151.3 1
5375 151.6 1
5380 152.4 1
5385 153.8 1
5390 156.1 1
5395 160.1 1
5400 169.8 1
5405 218.1 1
5410 451.5 1
5415 992.4 1
5420 1403.3 1
5425 1305 1
5430 1003.8 1
5435 746.8 1
5440 563.6 1
5445 435.7 1
5450 346.9 1
5455 285.3 1
5460 242.6 1
5465 212.9 1
5470 192.3 1
5475 177.9 1
5480 167.9 1
5485 160.9 1
5490 155.9 1
5495 152.4 1
5500 149.9 1
5505 148.1 1
5510 146.8 1
5515 145.7 1
5520 144.9 1
5525 144.4 1
5530 143.9 1
5535 143.6 1
5540 143.3 1
5545 143.1 1
5550 142.9 1
5555 142.7 1
5560 143 1
5565 142.9 1
5570 142.8 1
5575 142.8 1
5580 142.7 1
5585 142.7 1
5590 142.6 1
5595 142.6 1
5600 142.6 1
5605 142.7 1
5610 142.8 1
5615 142.9 1
5620 143 1
5625 143.3 1
5630 143.6 1
5635 144.1 1
5640 144.8 1
5645 145.9 1
5650 147.5 1
5655 150.3 1
5660 157.5 1
5665 193.7 1
5670 347.5 1
5675 663.8 1
5680 887.8 1
5685 834.9 1
5690 668.4 1
5695 521 1
5700 412.4 1
5705 334.6 1
5710 278.9 1
5715 239.2 1
5720 210.8 1
5725 190.6 1
5730 176.2 1
5735 166.1 1
5740 158.7 1
5745 153.4 1
5750 149.6 1
5755 146.9 1
5760 144.9 1
5765 143.4 1
5770 142.4 1
5775 141.6 1
5780 141 1
5785 140.6 1
5790 140.3 1
5795 140.1 1
5800 140 1
5805 140 1
5810 140 1
5815 140.2 1
5820 140.5 1
5825 141 1
5830 142 1
5835 145 1
5840 159.9 1
5845 218.8 1
5850 334.1 1
5855 415.3 1
5860 398.9 1
5865 339.8 1
5870 285.8 1
5875 245.1 1
5880 215.5 1
5885 194 1
5890 178.3 1
5895 167 1
5900 158.8 1
5905 152.8 1
5910 148.5 1
5915 145.3 1
5920 143 1
5925 141.3 1
5930 140 1
5935 139.1 1
5940 138.2 1
5945 137.7 1
5950 137.3 1
5955 137 1
5960 136.7 1
5965 136.5 1
5970 136.3 1
5975 136.2 1
5980 136 1
5985 135.9 1
5990 135.8 1
5995 135.7 1
6000 135.6 1
6005 135.6 1
6010 135.5 1
6015 135.4 1
6020 135.3 1
6025 135.2 1
6030 135.2 1
6035 135.1 1
6040 135 1
6045 135 1
6050 134.9 1
6055 134.8 1
6060 135.1 1
6065 135.1 1
6070 135.1 1
6075 135 1
6080 135 1
6085 135 1
6090 135 1
6095 135 1
6100 135 1
6105 135 1
6110 135.1 1
6115 135.2 1
6120 135.3 1
6125 135.4 1
6130 135.5 1
6135 135.8 1
6140 136.2 1
6145 136.7 1
6150 137.4 1
6155 138.6 1
6160 140.5 1
6165 145.2 1
6170 166.7 1
6175 251.7 1
6180 438.9 1
6185 617.7 1
6190 639 1
6195 550.4 1
6200 449.6 1
6205 368.9 1
6210 308.3 1
6215 263.1 1
6220 229.6 1
6225 204.7 1
6230 186.2 1
6235 172.5 1
6240 162.4 1
6245 154.8 1
6250 149.2 1
6255 145 1
6260 141.9 1
6265 139.6 1
6270 137.8 1
6275 136.5 1
6280 135.5 1
6285 135.6 1
6290 135 1
6295 134.7 1
6300 134.4 1
6305 134.2 1
6310 134.1 1
6315 134 1
6320 134 1
6325 134 1
6330 134.1 1
6335 134.2 1
6340 134.4 1
6345 134.6 1
6350 135 1
6355 135.4 1
6360 136 1
6365 136.8 1
6370 137.9 1
6375 139.4 1
6380 141.6 1
6385 145 1
6390 151.5 1
6395 173.9 1
6400 272.1 1
6405 566 1
6410 1024.4 1
6415 1299.6 1
6420 1230.5 1
6425 1010.7 1
6430 800.5 1
6435 635.8 1
6440 510.8 1
6445 416.6 1
6450 345.8 1
6455 292.5 1
6460 252.6 1
6465 222.6 1
6470 200 1
6475 183.1 1
6480 170.2 1
6485 160.6 1
6490 153.4 1
6495 147.9 1
6500 143.8 1
6505 140.7 1
6510 138.3 1
6515 136.4 1
6520 135 1
6525 133.9 1
6530 133.1 1
6535 132.4 1
6540 131.9 1
6545 131.4 1
6550 131.1 1
6555 130.8 1
6560 130.6 1
6565 130.4 1
6570 130.2 1
6575 130.1 1
6580 129.9 1
6585 129.8 1
6590 129.7 1
6595 129.6 1
6600 129.5 1
6605 129.4 1
6610 129.3 1
6615 129.3 1
6620 129.2 1
6625 129.1 1
6630 129 1
6635 129 1
6640 128.9 1
6645 128.8 1
6650 128.8 1
6655 128.7 1
6660 128.7 1
6665 128.6 1
6670 128.6 1
6675 128.5 1
6680 128.4 1
6685 128.4 1
6690 128.3 1
6695 128.3 1
6700 128.2 1
6705 128.2 1
6710 128.1 1
6715 127.9 1
6720 129 1
6725 129 1
6730 129.1 1
6735 129.2 1
6740 129.2 1
6745 129.3 1
6750 129.4 1
6755 129.6 1
6760 129.7 1
6765 129.9 1
6770 130.1 1
6775 130.4 1
6780 130.7 1
6785 131.1 1
6790 131.6 1
6795 132.2 1
6800 133 1
6805 134 1
6810 135.4 1
6815 137.1 1
6820 139.6 1
6825 143.3 1
6830 149.4 1
6835 165 1
6840 227.1 1
6845 445.1 1
6850 917.3 1
6855 1443.6 1
6860 1635 1
6865 1477 1
6870 1206.6 1
6875 962.1 1
6880 768.8 1
6885 619.5 1
6890 504.7 1
6895 416.7 1
6900 349.2 1
6905 297.6 1
6910 258 1
6915 227.7 1
6920 204.5 1
6925 186.8 1
6930 173.2 1
6935 162.7 1
6940 154.6 1
6945 148.5 1
6950 143.7 1
6955 140 1
6960 137.1 1
6965 134.9 1
6970 133.2 1
6975 131.8 1
6980 130.7 1
6985 129.9 1
6990 129.2 1
6995 128.7 1
7000 128.2 1
7005 127.9 1
7010 127.6 1
7015 127.3 1
7020 127.1 1
7025 127.6 1
7030 127.5 1
7035 127.4 1
7040 127.3 1
7045 127.3 1
7050 127.2 1
7055 127.2 1
7060 127.2 1
7065 127.2 1
7070 127.3 1
7075 127.3 1
7080 127.4 1
7085 127.5 1
7090 127.7 1
7095 127.9 1
7100 128.1 1
7105 128.4 1
7110 128.8 1
7115 129.2 1
7120 129.9 1
7125 130.7 1
7130 131.9 1
7135 133.5 1
7140 135.9 1
7145 140.2 1
7150 152.8 1
7155 201.7 1
7160 351.9 1
7165 637.9 1
7170 923.4 1
7175 1012.4 1
7180 917.1 1
7185 763.9 1
7190 624.5 1
7195 512.9 1
7200 425.8 1
7205 358.1 1
7210 305.6 1
7215 264.9 1
7220 233.5 1
7225 209.1 1
7230 190.3 1
7235 175.7 1
7240 164.4 1
7245 155.7 1
7250 148.9 1
7255 143.6 1
7260 139.5 1
7265 136.3 1
7270 133.8 1
7275 131.9 1
7280 130.4 1
7285 129.2 1
7290 128.2 1
7295 127.5 1
7300 126.9 1
7305 126.4 1
7310 126 1
7315 125.7 1
7320 125.4 1
7325 125.2 1
7330 125 1
7335 124.9 1
7340 124.8 1
7345 124.6 1
7350 124.5 1
7355 124.5 1
7360 124.4 1
7365 124.3 1
7370 124.2 1
7375 124.2 1
7380 124.1 1
7385 124.1 1
7390 124 1
7395 124 1
7400 123.9 1
7405 123.9 1
7410 123.9 1
7415 123.8 1
7420 123.8 1
7425 123.8 1
7430 123.7 1
7435 123.7 1
7440 123.7 1
7445 123.6 1
7450 123.6 1
7455 123.6 1
7460 123.5 1
7465 123.5 1
7470 123.5 1
7475 123.5 1
7480 123.4 1
7485 123.4 1
7490 123.4 1
7495 123.4 1
7500 123.3 1
7505 123.3 1
7510 123.1 1
7515 123.1 1
7520 123.1 1
7525 123.1 1
7530 123 1
7535 123 1
7540 123 1
7545 123 1
7550 123 1
7555 123 1
7560 122.9 1
7565 122.9 1
7570 122.9 1
7575 122.9 1
7580 122.9 1
7585 122.9 1
7590 122.8 1
7595 122.8 1
7600 122.8 1
7605 122.8 1
7610 122.8 1
7615 122.7 1
7620 122.7 1
7625 122.7 1
7630 122.7 1
7635 122.7 1
7640 122.7 1
7645 122.7 1
7650 123.8 1
7655 123.9 1
7660 124 1
7665 124 1
7670 124.1 1
7675 124.2 1
7680 124.3 1
7685 124.4 1
7690 124.6 1
7695 124.7 1
7700 124.9 1
7705 125.1 1
7710 125.4 1
7715 125.7 1
7720 126 1
7725 126.4 1
7730 126.8 1
7735 127.4 1
7740 128.1 1
7745 128.9 1
7750 129.9 1
7755 131.2 1
7760 132.9 1
7765 135.2 1
7770 138.4 1
7775 143 1
7780 151.5 1
7785 175.4 1
7790 259 1
7795 498.9 1
7800 958.8 1
7805 1478 1
7810 1739.3 1
7815 1663.9 1
7820 1420.4 1
7825 1162.6 1
7830 944.8 1
7835 770.6 1
7840 632.9 1
7845 524.3 1
7850 438.8 1
7855 371.6 1
7860 318.8 1
7865 277.3 1
7870 244.7 1
7875 219 1
7880 198.9 1
7885 183 1
7890 170.5 1
7895 160.7 1
7900 153 1
7905 146.9 1
7910 142 1
7915 138.2 1
7920 135.2 1
7925 132.8 1
7930 130.8 1
7935 129.3 1
7940 128.1 1
7945 127.1 1
7950 126.3 1
7955 125.7 1
7960 125.1 1
7965 124.7 1
7970 124.3 1
7975 124 1
7980 123.8 1
7985 123.6 1
7990 123.4 1
7995 123.3 1
8000 123.1 1
8005 123 1
8010 122.9 1
8015 122.8 1
8020 122.8 1
8025 122.7 1
8030 122.6 1
8035 122.6 1
8040 122.5 1
8045 122.5 1
8050 122.4 1
8055 122.4 1
8060 122.3 1
8065 122.3 1
8070 122.3 1
8075 122.2 1
8080 122.2 1
8085 122.2 1
8090 122.2 1
8095 122.1 1
8100 122.1 1
8105 122.1 1
8110 122.1 1
8115 124.3 1
8120 124.4 1
8125 124.5 1
8130 124.6 1
8135 124.8 1
8140 125 1
8145 125.2 1
8150 125.4 1
8155 125.6 1
8160 125.9 1
8165 126.2 1
8170 126.3 1
8175 126.7 1
8180 127.1 1
8185 127.7 1
8190 128.3 1
8195 129 1
8200 129.8 1
8205 130.8 1
8210 132 1
8215 133.5 1
8220 135.3 1
8225 137.5 1
8230 140.4 1
8235 144.1 1
8240 149.1 1
8245 156.1 1
8250 167.1 1
8255 190.9 1
8260 265.1 1
8265 498.4 1
8270 1057.4 1
8275 1954.8 1
8280 2810.5 1
8285 3148.4 1
8290 2946.3 1
8295 2498.5 1
8300 2039.2 1
8305 1650 1
8310 1336.2 1
8315 1086.1 1
8320 887.3 1
8325 729.5 1
8330 604.4 1
8335 505.2 1
8340 426.7 1
8345 364.5 1
8350 315.2 1
8355 276.1 1
8360 245.1 1
8365 220.6 1
8370 201.1 1
8375 185.6 1
8380 173.3 1
8385 163.5 1
8390 155.7 1
8395 149.4 1
8400 144.4 1
8405 140.5 1
8410 137.2 1
8415 134.7 1
8420 132.6 1
8425 130.9 1
8430 129.5 1
8435 128.4 1
8440 127.5 1
8445 126.7 1
8450 126.1 1
8455 125.6 1
8460 125.2 1
8465 124.8 1
8470 124.5 1
8475 124.2 1
8480 124 1
8485 123.8 1
8490 123.6 1
8495 123.5 1
8500 123.3 1
8505 123.2 1
8510 123.1 1
8515 123 1
8520 122.9 1
8525 122.9 1
8530 122.8 1
8535 122.7 1
8540 122.7 1
8545 122.6 1
8550 122.6 1
8555 122.5 1
8560 122.5 1
8565 122.4 1
8570 122.4 1
8575 122.4 1
8580 122.3 1
8585 122.3 1
8590 122.3 1
8595 122.2 1
8600 122.2 1
8605 122.2 1
8610 122.2 1
8615 122.1 1
8620 122.1 1
8625 122.1 1
8630 122.1 1
8635 122.1 1
8640 122 1
8645 122 1
8650 122 1
8655 122 1
8660 121.4 1
8665 121.4 1
8670 121.4 1
8675 121.4 1
8680 121.4 1
8685 121.4 1
8690 121.4 1
8695 121.4 1
8700 121.4 1
8705 121.4 1
8710 121.5 1
8715 121.5 1
8720 121.5 1
8725 121.5 1
8730 121.5 1
8735 121.5 1
8740 121.5 1
8745 121.5 1
8750 121.5 1
8755 121.5 1
8760 121.5 1
8765 121.5 1
8770 121.5 1
8775 121.5 1
8780 121.5 1
8785 121.5 1
8790 121.5 1
8795 121.5 1
8800 121.5 1
8805 121.5 1
8810 121.5 1
8815 121.5 1
8820 121.5 1
8825 121.5 1
8830 121.5 1
8835 121.5 1
8840 121.5 1
8845 121.5 1
8850 121.5 1
8855 121.5 1
8860 121.6 1
8865 121.6 1
8870 121.6 1
8875 121.6 1
8880 121.6 1
8885 121.6 1
8890 121.6 1
8895 121.6 1
8900 121.6 1
8905 121.6 1
8910 121.6 1
8915 121.6 1
8920 121.6 1
8925 121.6 1
8930 121.6 1
8935 121.6 1
8940 121.6 1
8945 121.6 1
8950 121.6 1
8955 121.6 1
8960 121.6 1
8965 121.6 1
8970 121.7 1
8975 121.7 1
8980 121.7 1
8985 121.7 1
8990 121.7 1
8995 121.7 1
9000 121.7 1
9005 121.7 1
9010 121.7 1
9015 121.7 1
9020 121.7 1
9025 121.7 1
9030 121.7 1
9035 121.7 1
9040 121.7 1
9045 121.7 1
9050 121.7 1
9055 121.7 1
9060 121.7 1
9065 121.8 1
9070 121.8 1
9075 121.8 1
9080 121.8 1
9085 121.8 1
9090 121.8 1
9095 121.8 1
9100 121.8 1
9105 121.8 1
9110 121.8 1
9115 121.8 1
9120 121.8 1
9125 123.6 1
9130 123.7 1
9135 123.8 1
9140 123.9 1
9145 124 1
9150 124.1 1
9155 124.3 1
9160 124.4 1
9165 124.6 1
9170 124.8 1
9175 125 1
9180 125.3 1
9185 125.5 1
9190 125.8 1
9195 126.2 1
9200 126.5 1
9205 127 1
9210 127.4 1
9215 128 1
9220 128.6 1
9225 129.4 1
9230 130.3 1
9235 131.3 1
9240 132.6 1
9245 134.2 1
9250 136.1 1
9255 138.5 1
9260 141.7 1
9265 145.8 1
9270 151.7 1
9275 161.4 1
9280 183 1
9285 245 1
9290 416.4 1
9295 793.1 1
9300 1394.6 1
9305 2037.2 1
9310 2418 1
9315 2417.2 1
9320 2158.3 1
9325 1818 1
9330 1499 1
9335 1231.2 1
9340 1013.7 1
9345 838.4 1
9350 697.5 1
9355 584.4 1
9360 493.7 1
9365 420.9 1
9370 362.6 1
9375 315.9 1
9380 278.4 1
9385 248.4 1
9390 224.3 1
9395 205 1
9400 189.5 1
9405 177 1
9410 167 1
9415 158.9 1
9420 152.4 1
9425 147.2 1
9430 142.9 1
9435 139.5 1
9440 136.7 1
9445 134.4 1
9450 132.6 1
9455 131.1 1
9460 129.9 1
9465 128.9 1
9470 128 1
9475 127.3 1
9480 126.8 1
9485 126.3 1
9490 125.9 1
9495 125.5 1
9500 125.3 1
9505 125 1
9510 124.8 1
9515 124.6 1
9520 124.5 1
9525 124.3 1
9530 124.2 1
9535 124.1 1
9540 124 1
9545 124 1
9550 123.9 1
9555 123.8 1
9560 123.8 1
9565 123.7 1
9570 123.7 1
9575 123.6 1
9580 123.6 1
9585 123.5 1
9590 123.5 1
9595 123.5 1
9600 123.4 1
9605 123.4 1
9610 123.4 1
9615 123.4 1
9620 123.3 1
9625 123.3 1
9630 123.3 1
9635 123.3 1
9640 123.3 1
9645 123.3 1
9650 123.3 1
9655 123.2 1
9660 123.2 1
9665 123.2 1
9670 123.2 1
9675 123.2 1
9680 123.2 1
9685 123.2 1
9690 123.2 1
9695 123.2 1
9700 123.2 1
9705 123.2 1
9710 123.2 1
9715 122.7 1
9720 122.7 1
9725 122.7 1
9730 122.7 1
9735 122.8 1
9740 122.8 1
9745 122.8 1
9750 122.8 1
9755 122.8 1
9760 122.8 1
9765 122.8 1
9770 122.8 1
9775 122.8 1
9780 122.8 1
9785 122.8 1
9790 122.8 1
9795 122.9 1
9800 122.9 1
9805 122.9 1
9810 122.9 1
9815 122.9 1
9820 122.9 1
9825 122.9 1
9830 122.9 1
9835 122.9 1
9840 122.9 1
9845 122.9 1
9850 122.9 1
9855 123 1
9860 123 1
9865 123 1
9870 123 1
9875 123 1
9880 123 1
9885 123 1
9890 123 1
9895 123 1
9900 123 1
9905 123 1
9910 123 1
9915 123.1 1
9920 123.1 1
9925 123.1 1
9930 123.1 1
9935 123.1 1
9940 123.1 1
9945 124.3 1
9950 124.3 1
9955 124.4 1
9960 124.5 1
9965 124.6 1
9970 124.6 1
9975 124.7 1
9980 124.8 1
9985 124.9 1
9990 125.1 1
9995 125.2 1
10000 125.3 1
10005 125.5 1
10010 125.7 1
10015 125.8 1
10020 126 1
10025 126.3 1
10030 126.5 1
10035 126.8 1
10040 127.2 1
10045 127.5 1
10050 128 1
10055 128.5 1
10060 129 1
10065 129.7 1
10070 130.5 1
10075 131.5 1
10080 132.7 1
10085 134.2 1
10090 136 1
10095 138.4 1
10100 141.6 1
10105 146.2 1
10110 154.5 1
10115 174 1
10120 226.5 1
10125 356 1
10130 613.4 1
10135 1000.3 1
10140 1411 1
10145 1676 1
10150 1711.7 1
10155 1570.1 1
10160 1353 1
10165 1134.5 1
10170 944.6 1
10175 787.9 1
10180 660.5 1
10185 557.5 1
10190 474.2 1
10195 407.1 1
10200 352.9 1
10205 309.2 1
10210 274 1
10215 245.5 1
10220 222.6 1
10225 204.2 1
10230 189.2 1
10235 177.2 1
10240 167.5 1
10245 159.6 1
10250 153.2 1
10255 148.1 1
10260 143.9 1
10265 140.5 1
10270 137.7 1
10275 135.5 1
10280 133.7 1
10285 132.2 1
10290 130.9 1
10295 129.9 1
10300 129.1 1
10305 128.4 1
10310 127.8 1
10315 127.3 1
10320 126.9 1
10325 126.6 1
10330 126.3 1
10335 126.1 1
10340 125.9 1
10345 125.7 1
10350 125.6 1
10355 125.4 1
10360 125.3 1
10365 125.2 1
10370 125.2 1
10375 125.1 1
10380 125 1
10385 125 1
10390 124.9 1
10395 124.9 1
10400 124.8 1
10405 124.8 1
10410 124.7 1
10415 124.7 1
10420 124.7 1
10425 124.7 1
10430 124.6 1
10435 124.6 1
10440 124.6 1
10445 124.6 1
10450 124.5 1
10455 124.5 1
10460 124.5 1
10465 124.5 1
10470 124.5 1
10475 124.5 1
10480 124.5 1
10485 124.5 1
10490 124.5 1
10495 124.4 1
10500 124.4 1
10505 124.4 1
10510 124.4 1
10515 124.4 1
10520 124.4 1
10525 124.4 1
10530 124.4 1
10535 124.4 1
10540 124.4 1
10545 124.4 1
10550 124.4 1
10555 124.4 1
10560 124.4 1
10565 124.4 1
10570 124.1 1
10575 124.1 1
10580 124.1 1
10585 124.1 1
10590 124.1 1
10595 124.1 1
10600 124.1 1
10605 124.1 1
10610 124.1 1
10615 124.1 1
10620 124.1 1
10625 124.1 1
10630 124.1 1
10635 124.2 1
10640 124.2 1
10645 124.2 1
10650 124.2 1
10655 124.2 1
10660 124.2 1
10665 124.2 1
10670 124.2 1
10675 124.2 1
10680 124.2 1
10685 124.2 1
10690 124.2 1
10695 124.2 1
10700 124.2 1
10705 124.2 1
10710 124.2 1
10715 124.3 1
10720 124.3 1
10725 124.3 1
10730 124.3 1
10735 124.3 1
10740 124.3 1
10745 124.3 1
10750 124.3 1
10755 124.3 1
10760 124.3 1
10765 124.3 1
10770 124.3 1
10775 124.3 1
10780 124.3 1
10785 124.3 1
10790 124.3 1
10795 124.3 1
10800 124.4 1
10805 124.4 1
10810 124.4 1
10815 124.4 1
10820 124.4 1
10825 124.4 1
10830 124.4 1
10835 124.4 1
10840 124.4 1
10845 124.4 1
10850 124.4 1
10855 124.4 1
10860 124.4 1
10865 124.4 1
10870 124.4 1
10875 124.4 1
10880 124.4 1
10885 124.4 1
10890 124.5 1
10895 124.5 1
10900 124.5 1
10905 124.5 1
10910 124.5 1
10915 124.5 1
10920 124.5 1
10925 124.5 1
10930 124.5 1
10935 124.5 1
10940 124.5 1
10945 124.5 1
10950 124.5 1
10955 124.5 1
10960 124.5 1
10965 124.5 1
10970 124.5 1
10975 124.5 1
10980 124.5 1
10985 124.5 1
10990 124.6 1
10995 124.6 1
11000 124.6 1
11005 124.6 1
11010 124.6 1
11015 124.6 1
11020 124.6 1
11025 124.6 1
11030 124.6 1
11035 124.6 1
11040 124.6 1
11045 124.6 1
11050 124.6 1
11055 124.6 1
11060 124.6 1
11065 124.6 1
11070 124.6 1
11075 124.6 1
11080 124.6 1
11085 124.6 1
11090 124.6 1
11095 124.6 1
11100 124.6 1
11105 124.7 1
11110 124.7 1
11115 124.7 1
11120 124.7 1
11125 124.7 1
11130 124.7 1
11135 124.7 1
11140 124.7 1
11145 124.7 1
11150 124.7 1
11155 124.7 1
11160 124.7 1
11165 124.7 1
11170 124.7 1
11175 124.7 1
11180 124.7 1
11185 124.7 1
11190 124.7 1
11195 124.7 1
11200 124.7 1
11205 124.7 1
11210 124.7 1
11215 124.7 1
11220 124.7 1
11225 124.7 1
11230 124.7 1
11235 124.7 1
11240 124.8 1
11245 124.8 1
11250 124.8 1
11255 124.8 1
11260 124.8 1
11265 124.8 1
11270 124.8 1
11275 124.8 1
11280 124.8 1
11285 124.8 1
11290 124.8 1
11295 124.8 1
11300 124.8 1
11305 124.8 1
11310 124.8 1
11315 124.8 1
11320 124.8 1
11325 124.8 1
11330 124.8 1
11335 124.8 1
11340 124.8 1
11345 124.8 1
11350 124.8 1
11355 124.8 1
11360 124.8 1
11365 124.8 1
11370 124.8 1
11375 124.8 1
11380 124.8 1
11385 124.8 1
11390 124.8 1
11395 124.8 1
11400 124.8 1
11405 124.8 1
11410 124.9 1
11415 124.9 1
11420 124.9 1
11425 124.9 1
11430 124.9 1
11435 124.9 1
11440 124.9 1
11445 124.9 1
11450 124.9 1
11455 124.9 1
11460 124.9 1
11465 124.9 1
11470 124.9 1
11475 124.9 1
11480 124.9 1
11485 124.9 1
11490 124.9 1
11495 124.9 1
11500 124.9 1
11505 124.9 1
11510 124.9 1
11515 124.9 1
11520 124.9 1
11525 124.9 1
11530 124.9 1
11535 124.9 1
11540 124.9 1
11545 124.9 1
11550 124.9 1
11555 124.9 1
11560 124.9 1
11565 124.9 1
11570 124.9 1
11575 124.9 1
11580 124.9 1
11585 124.9 1
11590 124.9 1
11595 124.9 1
11600 124.9 1
11605 124.9 1
11610 124.9 1
11615 124.9 1
11620 124.9 1
11625 124.9 1
11630 124.9 1
11635 124.9 1
11640 124.9 1
11645 124.9 1
11650 124.9 1
11655 124.9 1
11660 124.9 1
11665 124.9 1
11670 124.9 1
11675 124.9 1
11680 124.9 1
11685 124.9 1
11690 124.9 1
11695 124.9 1
11700 125 1
11705 125 1
11710 125 1
11715 125 1
11720 125 1
11725 125 1
11730 125 1
11735 125 1
11740 125 1
11745 125 1
11750 125 1
11755 125 1
11760 125 1
11765 125 1
11770 125 1
11775 125 1
11780 125 1
11785 125 1
11790 125 1
11795 125 1
11800 125 1
11805 125 1
11810 125 1
11815 125 1
11820 125 1
11825 125 1
11830 125 1
11835 125 1
11840 125 1
11845 125 1
11850 125 1
11855 125 1
11860 125 1
11865 125 1
11870 125 1
11875 125 1
11880 125 1
11885 125 1
11890 125 1
11895 125 1
11900 125 1
11905 125 1
11910 125 1
11915 125 1
11920 125 1
11925 125 1
11930 125 1
11935 125 1
11940 125 1
11945 125 1
11950 125 1
11955 125 1
11960 125 1
11965 125 1
11970 125 1
11975 125 1
11980 125 1
11985 125 1
11990 125 1
11995 129.3 1
12000 129.5 1
12005 129.7 1
12010 129.9 1
12015 130.1 1
12020 130.3 1
12025 130.6 1
12030 130.8 1
12035 131.1 1
12040 131.4 1
12045 131.7 1
12050 132.1 1
12055 132.5 1
12060 132.9 1
12065 133.3 1
12070 133.8 1
12075 134.3 1
12080 134.9 1
12085 135.5 1
12090 136.2 1
12095 137 1
12100 137.8 1
12105 138.7 1
12110 139.8 1
12115 140.9 1
12120 142.2 1
12125 143.7 1
12130 145.4 1
12135 147.3 1
12140 149.5 1
12145 152.1 1
12150 155 1
12155 158.5 1
12160 162.7 1
12165 167.7 1
12170 173.7 1
12175 181.2 1
12180 190.7 1
12185 203.2 1
12190 221.4 1
12195 252.7 1
12200 318.5 1
12205 470.1 1
12210 804.3 1
12215 1450.5 1
12220 2495.7 1
12225 3862.3 1
12230 5237.5 1
12235 6194.2 1
12240 6479.3 1
12245 6150.8 1
12250 5452.4 1
12255 4634.3 1
12260 3855.1 1
12265 3179.6 1
12270 2617.4 1
12275 2156.4 1
12280 1780.5 1
12285 1474.5 1
12290 1225.6 1
12295 1023.1 1
12300 858.6 1
12305 724.8 1
12310 616 1
12315 527.5 1
12320 455.5 1
12325 396.9 1
12330 349.2 1
12335 310.3 1
12340 278.6 1
12345 252.7 1
12350 231.5 1
12355 214.2 1
12360 200 1
12365 188.3 1
12370 178.7 1
12375 170.8 1
12380 164.3 1
12385 158.8 1
12390 154.4 1
12395 150.6 1
12400 147.5 1
12405 144.9 1
12410 142.6 1
12415 140.8 1
12420 139.2 1
12425 137.8 1
12430 136.7 1
12435 135.7 1
12440 134.8 1
12445 134.1 1
12450 133.4 1
12455 132.8 1
12460 132.3 1
12465 131.8 1
12470 131.4 1
12475 131.1 1
12480 130.7 1
12485 130.4 1
12490 130.1 1
12495 129.9 1
12500 129.7 1
12505 129.4 1
12510 129.2 1
12515 129.1 1
12520 128.9 1
12525 128.7 1
12530 128.6 1
12535 128.4 1
12540 128.3 1
12545 128.2 1
12550 128.1 1
12555 128 1
12560 127.8 1
12565 127.7 1
12570 127.6 1
12575 127.6 1
12580 127.5 1
12585 127.4 1
12590 127.3 1
12595 127.2 1
12600 127.2 1
12605 127.1 1
12610 127 1
12615 127 1
12620 126.9 1
12625 126.8 1
12630 126.8 1
12635 126.7 1
12640 126.7 1
12645 126.6 1
12650 126.6 1
12655 126.5 1
12660 126.5 1
12665 126.5 1
12670 126.4 1
12675 126.4 1
12680 126.3 1
12685 126.3 1
12690 126.3 1
12695 126.2 1
12700 124.8 1
12705 124.8 1
12710 124.8 1
12715 124.8 1
12720 124.8 1
12725 124.8 1
12730 124.8 1
12735 124.8 1
12740 124.8 1
12745 124.8 1
12750 124.8 1
12755 124.8 1
12760 124.8 1
12765 124.8 1
12770 124.8 1
12775 124.8 1
12780 124.8 1
12785 124.7 1
12790 124.7 1
12795 124.7 1
12800 124.7 1
12805 124.7 1
12810 124.7 1
12815 124.7 1
12820 124.7 1
12825 124.7 1
12830 124.7 1
12835 124.7 1
12840 124.7 1
12845 124.7 1
12850 124.7 1
12855 124.7 1
12860 124.7 1
12865 124.7 1
12870 124.7 1
12875 124.7 1
12880 124.7 1
12885 124.7 1
12890 124.7 1
12895 124.7 1
12900 124.7 1
12905 124.7 1
12910 124.7 1
12915 124.7 1
12920 124.7 1
12925 124.7 1
12930 124.7 1
12935 124.7 1
12940 124.7 1
12945 124.7 1
12950 124.7 1
12955 124.7 1
12960 124.7 1
12965 124.7 1
12970 124.7 1
12975 124.7 1
12980 124.7 1
12985 124.7 1
12990 124.7 1
12995 124.7 1
13000 124.7 1
13005 124.7 1
13010 124.7 1
13015 124.7 1
13020 124.7 1
13025 124.7 1
13030 124.7 1
13035 124.7 1
13040 124.6 1
13045 124.6 1
13050 124.6 1
13055 124.6 1
13060 124.6 1
13065 124.6 1
13070 124.6 1
13075 124.6 1
13080 124.6 1
13085 124.6 1
13090 124.6 1
13095 124.6 1
13100 124.6 1
13105 124.6 1
13110 124.6 1
13115 124.6 1
13120 124.6 1
13125 124.6 1
13130 124.6 1
13135 124.6 1
13140 124.6 1
13145 124.6 1
13150 124.6 1
13155 124.6 1
13160 124.6 1
13165 124.6 1
13170 124.6 1
13175 124.6 1
13180 124.6 1
13185 124.6 1
13190 124.6 1
13195 124.6 1
13200 124.6 1
13205 124.6 1
13210 124.6 1
13215 124.6 1
13220 124.6 1
13225 124.6 1
13230 124.6 1
13235 124.6 1
13240 124.6 1
13245 124.6 1
13250 124.6 1
13255 124.6 1
13260 124.6 1
13265 124.6 1
13270 124.6 1
13275 124.6 1
13280 124.6 1
13285 124.6 1
13290 124.6 1
13295 124.6 1
13300 124.6 1
13305 124.6 1
13310 124.6 1
13315 124.6 1
13320 124.6 1
13325 124.6 1
13330 124.6 1
13335 124.6 1
13340 124.6 1
13345 124.6 1
13350 124.6 1
13355 124.6 1
13360 124.5 1
13365 124.5 1
13370 124.5 1
13375 124.5 1
13380 124.5 1
13385 124.5 1
13390 124.5 1
13395 124.5 1
13400 124.5 1
13405 124.5 1
13410 124.5 1
13415 124.5 1
13420 124.5 1
13425 124.5 1
13430 124.5 1
13435 124.5 1
13440 124.5 1
13445 124.5 1
13450 124.5 1
13455 124.5 1
13460 124.5 1
13465 124.5 1
13470 124.5 1
13475 124.5 1
13480 124.5 1
13485 124.5 1
13490 124.5 1
13495 124.5 1
13500 124.5 1
13505 124.5 1
13510 124.5 1
13515 124.5 1
13520 124.5 1
13525 124.5 1
13530 124.5 1
13535 124.5 1
13540 124.5 1
13545 124.5 1
13550 124.5 1
13555 124.5 1
13560 124.5 1
13565 124.5 1
13570 124.5 1
13575 124.5 1
13580 124.5 1
13585 124.5 1
13590 124.5 1
13595 124.5 1
13600 124.5 1
13605 124.5 1
13610 124.5 1
13615 124.5 1
13620 124.5 1
13625 124.5 1
13630 124.5 1
13635 124.5 1
13640 124.5 1
13645 124.5 1
13650 124.5 1
13655 124.5 1
13660 124.5 1
13665 124.5 1
13670 124.5 1
13675 124.5 1
13680 124.5 1
13685 124.5 1
13690 124.5 1
13695 124.5 1
13700 124.5 1
13705 124.5 1
13710 124.5 1
13715 124.5 1
13720 124.5 1
13725 124.5 1
13730 124.5 1
13735 124.5 1
13740 124.5 1
13745 124.5 1
13750 124.5 1
13755 124.5 1
13760 124.5 1
13765 124.5 1
13770 124.5 1
13775 124.5 1
13780 124.5 1
13785 124.5 1
13790 124.5 1
13795 124.5 1
13800 124.5 1
13805 124.5 1
13810 124.5 1
13815 124.5 1
13820 124.5 1
13825 124.5 1
13830 124.5 1
13835 124.5 1
13840 124.5 1
13845 124.5 1
13850 124.5 1
13855 124.5 1
13860 124.5 1
13865 124.5 1
13870 124.5 1
13875 124.5 1
13880 124.5 1
13885 124.5 1
13890 124.5 1
13895 124.5 1
13900 124.5 1
13905 124.5 1
13910 124.5 1
13915 124.5 1
13920 124.5 1
13925 124.5 1
13930 124.5 1
13935 124.5 1
13940 124.5 1
13945 124.5 1
13950 124.6 1
13955 124.6 1
13960 124.6 1
13965 124.6 1
13970 124.6 1
13975 124.6 1
13980 124.6 1
13985 124.6 1
13990 124.6 1
13995 124.6 1
14000 124.6 1
14005 124.6 1
14010 124.6 1
14015 124.6 1
14020 124.6 1
14025 124.6 1
14030 124.6 1
14035 124.6 1
14040 124.6 1
14045 124.6 1
14050 124.6 1
14055 124.6 1
14060 124.6 1
14065 124.6 1
14070 132 1
14075 132.3 1
14080 132.6 1
14085 132.9 1
14090 133.2 1
14095 133.5 1
14100 133.9 1
14105 134.2 1
14110 134.6 1
14115 135 1
14120 135.5 1
14125 136 1
14130 136.5 1
14135 137 1
14140 137.6 1
14145 138.2 1
14150 138.9 1
14155 139.6 1
14160 140.3 1
14165 141.2 1
14170 142.1 1
14175 143 1
14180 144.1 1
14185 145.2 1
14190 146.5 1
14195 147.8 1
14200 149.3 1
14205 151 1
14210 152.8 1
14215 154.8 1
14220 157.1 1
14225 159.6 1
14230 162.4 1
14235 165.6 1
14240 169.1 1
14245 173.2 1
14250 177.9 1
14255 183.3 1
14260 189.6 1
14265 197 1
14270 205.7 1
14275 216.1 1
14280 228.8 1
14285 244.4 1
14290 264.7 1
14295 293.3 1
14300 339.1 1
14305 424.7 1
14310 599 1
14315 953.4 1
14320 1623.8 1
14325 2755.5 1
14330 4417.9 1
14335 6496.4 1
14340 8636.5 1
14345 10334.2 1
14350 11189.1 1
14355 11112.5 1
14360 10301.7 1
14365 9077.5 1
14370 7733.5 1
14375 6460.3 1
14380 5344.9 1
14385 4406.3 1
14390 3630.8 1
14395 2995 1
14400 2475.2 1
14405 2050.7 1
14410 1704.2 1
14415 1421.3 1
14420 1190.4 1
14425 1001.9 1
14430 847.9 1
14435 722.1 1
14440 619.2 1
14445 535 1
14450 466.1 1
14455 409.6 1
14460 363.2 1
14465 325.2 1
14470 293.8 1
14475 268 1
14480 246.7 1
14485 229.1 1
14490 214.5 1
14495 202.3 1
14500 192.2 1
14505 183.8 1
14510 176.7 1
14515 170.7 1
14520 165.7 1
14525 161.5 1
14530 157.8 1
14535 154.7 1
14540 152.1 1
14545 149.8 1
14550 147.8 1
14555 146.1 1
14560 144.5 1
14565 143.2 1
14570 142 1
14575 141 1
14580 140 1
14585 139.2 1
14590 138.4 1
14595 137.7 1
14600 137.1 1
14605 136.5 1
14610 136 1
14615 135.5 1
14620 135.1 1
14625 134.7 1
14630 134.3 1
14635 133.9 1
14640 133.6 1
14645 133.3 1
14650 133 1
14655 132.7 1
14660 132.4 1
14665 132.2 1
14670 132 1
14675 131.7 1
14680 131.5 1
14685 131.3 1
14690 131.2 1
14695 131 1
14700 130.8 1
14705 130.6 1
14710 130.5 1
14715 130.3 1
14720 130.2 1
14725 130.1 1
14730 129.9 1
14735 129.8 1
14740 129.7 1
14745 129.6 1
14750 129.5 1
14755 129.4 1
14760 129.3 1
14765 129.2 1
14770 129.1 1
14775 129 1
14780 128.9 1
14785 128.9 1
14790 128.8 1
14795 128.7 1
14800 128.6 1
14805 128.6 1
14810 128.5 1
14815 128.4 1
14820 128.4 1
14825 128.3 1
14830 128.3 1
14835 128.2 1
14840 128.2 1
14845 128.1 1
14850 125.4 1
14855 125.4 1
14860 125.4 1
14865 125.4 1
14870 125.4 1
14875 125.4 1
14880 125.4 1
14885 125.5 1
14890 125.5 1
14895 125.5 1
14900 125.5 1
14905 125.5 1
14910 125.5 1
14915 125.5 1
14920 125.5 1
14925 125.5 1
14930 125.5 1
14935 125.5 1
14940 125.6 1
14945 125.6 1
14950 125.6 1
14955 125.6 1
14960 125.6 1
14965 125.6 1
14970 125.6 1
14975 125.6 1
14980 125.6 1
14985 125.6 1
14990 125.6 1
14995 125.7 1
15000 125.7 1
15005 125.7 1
15010 125.7 1
15015 125.7 1
15020 125.7 1
15025 125.7 1
15030 125.7 1
15035 125.7 1
15040 125.7 1
15045 125.8 1
15050 125.8 1
15055 125.8 1
15060 125.8 1
15065 125.8 1
15070 125.8 1
15075 125.8 1
15080 125.8 1
15085 125.8 1
15090 125.8 1
15095 125.9 1
15100 125.9 1
15105 125.9 1
15110 125.9 1
15115 125.9 1
15120 125.9 1
15125 125.9 1
15130 125.9 1
15135 125.9 1
15140 126 1
15145 126 1
15150 126 1
15155 126 1
15160 126 1
15165 126 1
15170 126 1
15175 126 1
15180 126 1
15185 126.1 1
15190 126.1 1
15195 126.1 1
15200 126.1 1
15205 126.1 1
15210 126.1 1
15215 126.1 1
15220 126.1 1
15225 126.1 1
15230 126.2 1
15235 126.2 1
15240 126.2 1
15245 126.2 1
15250 126.2 1
15255 126.2 1
15260 126.2 1
15265 126.2 1
15270 126.3 1
15275 126.3 1
15280 126.3 1
15285 126.3 1
15290 126.3 1
15295 126.3 1
15300 126.3 1
15305 126.3 1
15310 126.3 1
15315 126.4 1
15320 126.4 1
15325 126.4 1
15330 126.4 1
15335 126.4 1
15340 126.4 1
15345 126.4 1
15350 126.4 1
15355 126.5 1
15360 126.5 1
15365 126.5 1
15370 126.5 1
15375 126.5 1
15380 126.5 1
15385 126.5 1
15390 126.6 1
15395 126.6 1
15400 126.6 1
15405 126.6 1
15410 126.6 1
15415 126.6 1
15420 126.6 1
15425 126.6 1
15430 126.7 1
15435 126.7 1
15440 126.7 1
15445 126.7 1
15450 126.7 1
15455 126.7 1
15460 126.7 1
15465 126.8 1
15470 126.8 1
15475 126.8 1
15480 126.8 1
15485 126.8 1
15490 126.8 1
15495 126.8 1
15500 126.8 1
15505 126.9 1
15510 126.9 1
15515 126.9 1
15520 126.9 1
15525 126.9 1
15530 126.9 1
15535 126.9 1
15540 127 1
15545 127 1
15550 127 1
15555 127 1
15560 127 1
15565 127 1
15570 127 1
15575 127.1 1
15580 127.1 1
15585 127.1 1
15590 127.1 1
15595 127.1 1
15600 127.1 1
15605 127.2 1
15610 127.2 1
15615 127.2 1
15620 127.2 1
15625 127.2 1
15630 127.2 1
15635 127.2 1
15640 127.3 1
15645 127.3 1
15650 127.3 1
15655 127.3 1
15660 127.3 1
15665 127.3 1
15670 127.3 1
15675 127.4 1
15680 127.4 1
15685 127.4 1
15690 127.4 1
15695 127.4 1
15700 127.4 1
15705 127.5 1
15710 127.5 1
15715 127.5 1
15720 127.5 1
15725 127.5 1
15730 127.5 1
15735 127.6 1
15740 127.6 1
15745 127.6 1
15750 127.6 1
15755 127.6 1
15760 127.6 1
15765 127.6 1
15770 127.7 1
15775 127.7 1
15780 127.7 1
15785 127.7 1
15790 127.7 1
15795 127.7 1
15800 127.8 1
15805 127.8 1
15810 127.8 1
15815 127.8 1
15820 127.8 1
15825 127.8 1
15830 127.9 1
15835 127.9 1
15840 127.9 1
15845 127.9 1
15850 127.9 1
15855 127.9 1
15860 128 1
15865 128 1
15870 128 1
15875 128 1
15880 128 1
15885 128 1
15890 128.1 1
15895 128.1 1
15900 128.1 1
15905 128.1 1
15910 128.1 1
15915 128.2 1
15920 128.2 1
15925 128.2 1
15930 128.2 1
15935 128.2 1
15940 128.2 1
15945 128.3 1
15950 128.3 1
15955 128.3 1
15960 128.3 1
15965 128.3 1
15970 128.3 1
15975 128.4 1
15980 128.4 1
15985 128.4 1
15990 128.4 1
15995 128.4 1
16000 128.5 1
16005 128.5 1
16010 128.5 1
16015 128.5 1
16020 128.5 1
16025 128.5 1
16030 128.6 1
16035 128.6 1
16040 128.6 1
16045 128.6 1
16050 128.6 1
16055 128.7 1
16060 128.7 1
16065 128.7 1
16070 128.7 1
16075 128.7 1
16080 128.7 1
16085 128.8 1
16090 128.8 1
16095 128.8 1
16100 128.8 1
16105 128.8 1
16110 128.9 1
16115 128.9 1
16120 128.9 1
16125 128.9 1
16130 128.9 1
16135 128.9 1
16140 129 1
16145 129 1
16150 129 1
16155 129 1
16160 129 1
16165 129.1 1
16170 129.1 1
16175 129.1 1
16180 129.1 1
16185 129.1 1
16190 129.2 1
16195 129.2 1
16200 129.2 1
16205 129.2 1
16210 129.2 1
16215 129.3 1
16220 129.3 1
16225 129.3 1
16230 129.3 1
16235 129.3 1
16240 129.4 1
16245 129.4 1
16250 129.4 1
16255 129.4 1
16260 129.4 1
16265 129.5 1
16270 129.5 1
16275 129.5 1
16280 129.5 1
16285 129.5 1
16290 129.6 1
16295 129.6 1
16300 129.6 1
16305 129.6 1
16310 129.6 1
16315 129.7 1
16320 129.7 1
16325 129.7 1
16330 129.7 1
16335 129.7 1
16340 129.8 1
16345 129.8 1
16350 129.8 1
16355 129.8 1
16360 129.8 1
16365 129.9 1
16370 129.9 1
16375 129.9 1
16380 129.9 1
16385 129.9 1
16390 130 1
16395 130 1
16400 130 1
16405 130 1
16410 130 1
16415 130.1 1
16420 130.1 1
16425 130.1 1
16430 130.1 1
16435 130.1 1
16440 130.2 1
16445 130.2 1
16450 130.2 1
16455 130.2 1
16460 130.2 1
16465 130.3 1
16470 130.3 1
16475 130.3 1
16480 130.3 1
16485 130.3 1
16490 130.4 1
16495 130.4 1
16500 130.4 1
16505 130.4 1
16510 130.5 1
16515 130.5 1
16520 130.5 1
16525 130.5 1
16530 130.5 1
16535 130.6 1
16540 130.6 1
16545 130.6 1
16550 130.6 1
16555 130.6 1
16560 130.7 1
16565 130.7 1
16570 130.7 1
16575 130.7 1
16580 130.8 1
16585 130.8 1
16590 130.8 1
16595 130.8 1
16600 130.8 1
16605 130.9 1
16610 130.9 1
16615 130.9 1
16620 130.9 1
16625 130.9 1
16630 131 1
16635 131 1
16640 131 1
16645 131 1
16650 131.1 1
16655 131.1 1
16660 131.1 1
16665 131.1 1
16670 131.1 1
16675 131.2 1
16680 131.2 1
16685 131.2 1
16690 131.2 1
16695 131.2 1
16700 131.3 1
16705 131.3 1
16710 131.3 1
16715 131.3 1
16720 131.4 1
16725 131.4 1
16730 131.4 1
16735 131.4 1
16740 131.4 1
16745 131.5 1
16750 131.5 1
16755 131.5 1
16760 131.5 1
16765 131.6 1
16770 131.6 1
16775 131.6 1
16780 131.6 1
16785 131.6 1
16790 131.7 1
16795 131.7 1
16800 131.7 1
16805 131.7 1
16810 131.8 1
16815 131.8 1
16820 131.8 1
16825 131.8 1
16830 131.8 1
16835 131.9 1
16840 131.9 1
16845 131.9 1
16850 131.9 1
16855 132 1
16860 132 1
16865 132 1
16870 132 1
16875 132.1 1
16880 132.1 1
16885 132.1 1
16890 132.1 1
16895 132.1 1
16900 132.2 1
16905 132.2 1
16910 132.2 1
16915 132.2 1
16920 132.3 1
16925 132.3 1
16930 132.3 1
16935 132.3 1
16940 132.3 1
16945 132.4 1
16950 132.4 1
16955 132.4 1
16960 132.4 1
16965 132.5 1
16970 132.5 1
16975 132.5 1
16980 132.5 1
16985 132.5 1
16990 132.6 1
16995 132.6 1
17000 132.6 1
17005 132.6 1
17010 132.7 1
17015 132.7 1
17020 132.7 1
17025 132.7 1
17030 132.8 1
17035 132.8 1
17040 132.8 1
17045 132.8 1
17050 132.8 1
17055 132.9 1
17060 132.9 1
17065 132.9 1
17070 132.9 1
17075 133 1
17080 133 1
17085 133 1
17090 133 1
17095 133.1 1
17100 133.1 1
17105 133.1 1
17110 133.1 1
17115 133.1 1
17120 133.2 1
17125 133.2 1
17130 133.2 1
17135 133.2 1
17140 133.3 1
17145 133.3 1
17150 133.3 1
17155 133.3 1
17160 133.4 1
17165 133.4 1
17170 133.4 1
17175 133.4 1
17180 133.4 1
17185 133.5 1
17190 133.5 1
17195 133.5 1
17200 133.5 1
17205 133.6 1
17210 133.6 1
17215 133.6 1
17220 133.6 1
17225 133.7 1
17230 133.7 1
17235 133.7 1
17240 133.7 1
17245 133.7 1
17250 133.8 1
17255 133.8 1
17260 133.8 1
17265 133.8 1
17270 133.9 1
17275 133.9 1
17280 133.9 1
17285 133.9 1
17290 134 1
17295 134 1
17300 134 1
17305 134 1
17310 134 1
17315 134.1 1
17320 134.1 1
17325 134.1 1
17330 134.1 1
17335 134.2 1
17340 134.2 1
17345 134.2 1
17350 134.2 1
17355 134.3 1
17360 134.3 1
17365 134.3 1
17370 134.3 1
17375 134.3 1
17380 134.4 1
17385 134.4 1
17390 134.4 1
17395 134.4 1
17400 134.5 1
17405 134.5 1
17410 134.5 1
17415 134.5 1
17420 134.6 1
17425 134.6 1
17430 134.6 1
17435 134.6 1
17440 134.7 1
17445 134.7 1
17450 134.7 1
17455 134.7 1
17460 134.7 1
17465 134.8 1
17470 134.8 1
17475 134.8 1
17480 134.8 1
17485 134.9 1
17490 134.9 1
17495 134.9 1
17500 134.9 1
17505 135 1
17510 135 1
17515 135 1
17520 135 1
17525 135 1
17530 135.1 1
17535 135.1 1
17540 135.1 1
17545 135.1 1
17550 135.2 1
17555 135.2 1
17560 135.2 1
17565 135.2 1
17570 135.3 1
17575 135.3 1
17580 135.3 1
17585 135.3 1
17590 135.3 1
17595 135.4 1
17600 135.4 1
17605 135.4 1
17610 135.4 1
17615 135.5 1
17620 135.5 1
17625 135.5 1
17630 135.5 1
17635 135.6 1
17640 135.6 1
17645 135.6 1
17650 135.6 1
17655 135.6 1
17660 135.7 1
17665 135.7 1
17670 135.7 1
17675 135.7 1
17680 135.8 1
17685 135.8 1
17690 135.8 1
17695 135.8 1
17700 135.8 1
17705 135.9 1
17710 135.9 1
17715 135.9 1
17720 135.9 1
17725 136 1
17730 136 1
17735 136 1
17740 136 1
17745 136.1 1
17750 136.1 1
17755 136.1 1
17760 136.1 1
17765 136.1 1
17770 136.2 1
17775 136.2 1
17780 136.2 1
17785 136.2 1
17790 136.3 1
17795 136.3 1
17800 136.3 1
17805 136.3 1
17810 136.3 1
17815 136.4 1
17820 136.4 1
17825 136.4 1
17830 136.4 1
17835 136.5 1
17840 136.5 1
17845 136.5 1
17850 136.5 1
17855 136.5 1
17860 136.6 1
17865 136.6 1
17870 136.6 1
17875 136.6 1
17880 136.7 1
17885 136.7 1
17890 136.7 1
17895 136.7 1
17900 136.7 1
17905 136.8 1
17910 136.8 1
17915 136.8 1
17920 136.8 1
17925 136.9 1
17930 136.9 1
17935 136.9 1
17940 136.9 1
17945 136.9 1
17950 137 1
17955 137 1
17960 137 1
17965 137 1
17970 137.1 1
17975 137.1 1
17980 137.1 1
17985 137.1 1
17990 137.1 1
17995 137.2 1
18000 137.2 1
18005 137.2 1
18010 137.2 1
18015 137.3 1
18020 137.3 1
18025 137.3 1
18030 137.3 1
18035 137.3 1
18040 137.4 1
18045 137.4 1
18050 137.4 1
18055 137.4 1
18060 137.4 1
18065 137.5 1
18070 137.5 1
18075 137.5 1
18080 137.5 1
18085 137.6 1
18090 137.6 1
18095 137.6 1
18100 137.6 1
18105 137.6 1
18110 137.7 1
18115 137.7 1
18120 137.7 1
18125 137.7 1
18130 137.7 1
18135 137.8 1
18140 137.8 1
18145 137.8 1
18150 137.8 1
18155 137.9 1
18160 137.9 1
18165 137.9 1
18170 137.9 1
18175 137.9 1
18180 138 1
18185 138 1
18190 138 1
18195 138 1
18200 138 1
18205 138.1 1
18210 138.1 1
18215 138.1 1
18220 138.1 1
18225 138.1 1
18230 138.2 1
18235 138.2 1
18240 138.2 1
18245 138.2 1
18250 138.2 1
18255 138.3 1
18260 138.3 1
18265 138.3 1
18270 138.3 1
18275 138.3 1
18280 138.4 1
18285 138.4 1
18290 138.4 1
18295 138.4 1
18300 138.5 1
18305 138.5 1
18310 138.5 1
18315 138.5 1
18320 138.5 1
18325 138.6 1
18330 138.6 1
18335 138.6 1
18340 138.6 1
18345 138.6 1
18350 138.7 1
18355 138.7 1
18360 138.7 1
18365 138.7 1
18370 138.7 1
18375 138.8 1
18380 138.8 1
18385 138.8 1
18390 138.8 1
18395 138.8 1
18400 138.9 1
18405 138.9 1
18410 138.9 1
18415 138.9 1
18420 138.9 1
18425 138.9 1
18430 139 1
18435 139 1
18440 139 1
18445 139 1
18450 139 1
18455 139.1 1
18460 139.1 1
18465 139.1 1
18470 139.1 1
18475 139.1 1
18480 139.2 1
18485 139.2 1
18490 139.2 1
18495 139.2 1
18500 139.2 1
18505 139.3 1
18510 139.3 1
18515 139.3 1
18520 139.3 1
18525 139.3 1
18530 139.4 1
18535 139.4 1
18540 139.4 1
18545 139.4 1
18550 139.4 1
18555 139.4 1
18560 139.5 1
18565 139.5 1
18570 139.5 1
18575 139.5 1
18580 139.5 1
18585 139.6 1
18590 139.6 1
18595 139.6 1
18600 139.6 1
18605 139.6 1
18610 139.6 1
18615 139.7 1
18620 139.7 1
18625 139.7 1
18630 139.7 1
18635 139.7 1
18640 139.8 1
18645 139.8 1
18650 139.8 1
18655 139.8 1
18660 139.8 1
18665 139.8 1
18670 139.9 1
18675 139.9 1
18680 139.9 1
18685 139.9 1
18690 139.9 1
18695 140 1
18700 140 1
18705 140 1
18710 140 1
18715 140 1
18720 140 1
18725 140.1 1
18730 140.1 1
18735 140.1 1
18740 140.1 1
18745 140.1 1
18750 140.1 1
18755 140.2 1
18760 140.2 1
18765 140.2 1
18770 140.2 1
18775 140.2 1
18780 140.2 1
18785 140.3 1
18790 140.3 1
18795 140.3 1
18800 140.3 1
18805 140.3 1
18810 140.3 1
18815 140.4 1
18820 140.4 1
18825 140.4 1
18830 140.4 1
18835 140.4 1
18840 140.4 1
18845 140.5 1
18850 140.5 1
18855 140.5 1
18860 140.5 1
18865 140.5 1
18870 140.5 1
18875 140.6 1
18880 140.6 1
18885 140.6 1
18890 140.6 1
18895 140.6 1
18900 140.6 1
18905 140.7 1
18910 140.7 1
18915 140.7 1
18920 140.7 1
18925 140.7 1
18930 140.7 1
18935 140.8 1
18940 140.8 1
18945 140.8 1
18950 140.8 1
18955 140.8 1
18960 140.8 1
18965 140.8 1
18970 140.9 1
18975 140.9 1
18980 140.9 1
18985 140.9 1
18990 140.9 1
18995 140.9 1
19000 141 1
19005 141 1
19010 141 1
19015 141 1
19020 141 1
19025 141 1
19030 141 1
19035 141.1 1
19040 141.1 1
19045 141.1 1
19050 141.1 1
19055 141.1 1
19060 141.1 1
19065 141.1 1
19070 141.2 1
19075 141.2 1
19080 141.2 1
19085 141.2 1
19090 141.2 1
19095 141.2 1
19100 141.2 1
19105 141.3 1
19110 141.3 1
19115 141.3 1
19120 141.3 1
19125 141.3 1
19130 141.3 1
19135 141.3 1
19140 141.4 1
19145 141.4 1
19150 141.4 1
19155 141.4 1
19160 141.4 1
19165 141.4 1
19170 141.4 1
19175 141.5 1
19180 141.5 1
19185 141.5 1
19190 141.5 1
19195 141.5 1
19200 141.5 1
19205 141.5 1
19210 141.6 1
19215 141.6 1
19220 141.6 1
19225 141.6 1
19230 141.6 1
19235 141.6 1
19240 141.6 1
19245 141.6 1
19250 141.7 1
19255 141.7 1
19260 141.7 1
19265 141.7 1
19270 141.7 1
19275 141.7 1
19280 141.7 1
19285 141.7 1
19290 141.8 1
19295 141.8 1
19300 141.8 1
19305 141.8 1
19310 141.8 1
19315 141.8 1
19320 141.8 1
19325 141.8 1
19330 141.9 1
19335 141.9 1
19340 141.9 1
19345 141.9 1
19350 141.9 1
19355 141.9 1
19360 141.9 1
19365 141.9 1
19370 142 1
19375 142 1
19380 142 1
19385 142 1
19390 142 1
19395 142 1
19400 142 1
19405 142 1
19410 142 1
19415 142.1 1
19420 142.1 1
19425 142.1 1
19430 142.1 1
19435 142.1 1
19440 142.1 1
19445 142.1 1
19450 142.1 1
19455 142.1 1
19460 142.2 1
19465 142.2 1
19470 142.2 1
19475 142.2 1
19480 142.2 1
19485 142.2 1
19490 142.2 1
19495 142.2 1
19500 142.2 1
19505 142.3 1
19510 142.3 1
19515 142.3 1
19520 142.3 1
19525 142.3 1
19530 142.3 1
19535 142.3 1
19540 142.3 1
19545 142.3 1
19550 142.3 1
19555 142.4 1
19560 142.4 1
19565 142.4 1
19570 142.4 1
19575 142.4 1
19580 142.4 1
19585 142.4 1
19590 142.4 1
19595 142.4 1
19600 142.4 1
19605 142.5 1
19610 142.5 1
19615 142.5 1
19620 142.5 1
19625 142.5 1
19630 142.5 1
19635 142.5 1
19640 142.5 1
19645 142.5 1
19650 142.5 1
19655 142.6 1
19660 142.6 1
19665 142.6 1
19670 142.6 1
19675 142.6 1
19680 142.6 1
19685 142.6 1
19690 142.6 1
19695 142.6 1
19700 142.6 1
19705 142.6 1
19710 142.7 1
19715 142.7 1
19720 142.7 1
19725 142.7 1
19730 142.7 1
19735 142.7 1
19740 142.7 1
19745 142.7 1
19750 142.7 1
19755 142.7 1
19760 142.7 1
19765 142.7 1
19770 142.8 1
19775 142.8 1
19780 142.8 1
19785 142.8 1
19790 142.8 1
19795 142.8 1
19800 142.8 1
19805 142.8 1
19810 142.8 1
19815 142.8 1
19820 142.8 1
19825 142.8 1
19830 142.8 1
19835 142.9 1
19840 142.9 1
19845 142.9 1
19850 142.9 1
19855 142.9 1
19860 142.9 1
19865 142.9 1
19870 142.9 1
19875 142.9 1
19880 142.9 1
19885 142.9 1
19890 142.9 1
19895 142.9 1
19900 142.9 1
19905 143 1
19910 143 1
19915 143 1
19920 143 1
19925 143 1
19930 143 1
19935 143 1
19940 143 1
19945 143 1
19950 143 1
19955 143 1
19960 143 1
19965 143 1
19970 143 1
19975 143 1
19980 143.1 1
19985 143.1 1
19990 143.1 1
19995 143.1 1
20000 143.1 1
20005 143.1 1
20010 143.1 1
20015 143.1 1
20020 143.1 1
20025 143.1 1
20030 143.1 1
20035 143.1 1
20040 143.1 1
20045 143.1 1
20050 143.1 1
20055 143.1 1
20060 143.2 1
20065 143.2 1
20070 143.2 1
20075 143.2 1
20080 143.2 1
20085 143.2 1
20090 143.2 1
20095 143.2 1
20100 143.2 1
20105 143.2 1
20110 143.2 1
20115 143.2 1
20120 143.2 1
20125 143.2 1
20130 143.2 1
20135 143.2 1
20140 143.2 1
20145 143.2 1
20150 143.2 1
20155 143.2 1
20160 143.3 1
20165 143.3 1
20170 143.3 1
20175 143.3 1
20180 143.3 1
20185 143.3 1
20190 143.3 1
20195 143.3 1
20200 143.3 1
20205 143.3 1
20210 143.3 1
20215 143.3 1
20220 143.3 1
20225 143.3 1
20230 143.3 1
20235 143.3 1
20240 143.3 1
20245 143.3 1
20250 143.3 1
20255 143.3 1
20260 143.3 1
20265 143.3 1
20270 143.3 1
20275 143.4 1
20280 143.4 1
20285 143.4 1
20290 143.4 1
20295 143.4 1
20300 143.4 1
20305 143.4 1
20310 143.4 1
20315 143.4 1
20320 143.4 1
20325 143.4 1
20330 143.4 1
20335 143.4 1
20340 143.4 1
20345 143.4 1
20350 143.4 1
20355 143.4 1
20360 143.4 1
20365 143.4 1
20370 143.4 1
20375 143.4 1
20380 143.4 1
20385 143.4 1
20390 143.4 1
20395 143.4 1
20400 143.4 1
20405 143.4 1
20410 143.4 1
20415 143.4 1
20420 143.4 1
20425 143.5 1
20430 143.5 1
20435 143.5 1
20440 143.5 1
20445 143.5 1
20450 143.5 1
20455 143.5 1
20460 143.5 1
20465 143.5 1
20470 143.5 1
20475 143.5 1
20480 143.5 1
20485 143.5 1
20490 143.5 1
20495 143.5 1
20500 143.5 1
20505 143.5 1
20510 143.5 1
20515 143.5 1
20520 143.5 1
20525 143.5 1
20530 143.5 1
20535 143.5 1
20540 143.5 1
20545 143.5 1
20550 143.5 1
20555 143.5 1
20560 143.5 1
20565 143.5 1
20570 143.5 1
20575 143.5 1
20580 143.5 1
20585 143.5 1
20590 143.5 1
20595 143.5 1
20600 143.5 1
20605 143.5 1
20610 143.5 1
20615 143.5 1
20620 143.5 1
20625 143.5 1
20630 143.5 1
20635 143.5 1
20640 143.5 1
20645 143.5 1
20650 143.5 1
20655 143.5 1
20660 143.5 1
20665 143.5 1
20670 143.5 1
20675 143.5 1
20680 143.5 1
20685 143.6 1
20690 143.6 1
20695 143.6 1
20700 143.6 1
20705 143.6 1
20710 143.6 1
20715 143.6 1
20720 143.6 1
20725 143.6 1
20730 143.6 1
20735 143.6 1
20740 143.6 1
20745 143.6 1
20750 143.6 1
20755 143.6 1
20760 143.6 1
20765 143.6 1
20770 143.6 1
20775 143.6 1
20780 143.6 1
20785 143.6 1
20790 143.6 1
20795 143.6 1
20800 143.6 1
20805 143.6 1
20810 143.6 1
20815 143.6 1
20820 143.6 1
20825 143.6 1
20830 143.6 1
20835 143.6 1
20840 143.6 1
20845 143.6 1
20850 143.6 1
20855 143.6 1
20860 143.6 1
20865 143.6 1
20870 143.6 1
20875 143.6 1
20880 143.6 1
20885 143.6 1
20890 143.6 1
20895 143.6 1
20900 143.6 1
20905 143.6 1
20910 143.6 1
20915 143.6 1
20920 143.6 1
20925 143.6 1
20930 143.6 1
20935 143.6 1
20940 143.6 1
20945 143.6 1
20950 143.6 1
20955 143.6 1
20960 143.6 1
20965 143.6 1
20970 143.6 1
20975 143.6 1
20980 143.6 1
20985 143.6 1
20990 143.6 1
20995 143.6 1
21000 143.6 1
21005 143.6 1
21010 143.6 1
21015 143.6 1
21020 143.6 1
21025 143.6 1
21030 143.6 1
21035 143.6 1
21040 143.6 1
21045 143.6 1
21050 143.6 1
21055 143.6 1
21060 143.6 1
21065 143.6 1
21070 143.6 1
21075 143.6 1
21080 143.6 1
21085 143.6 1
21090 143.6 1
21095 143.6 1
21100 143.6 1
21105 143.6 1
21110 143.6 1
21115 143.6 1
21120 143.6 1
21125 143.6 1
21130 143.6 1
21135 143.6 1
21140 143.6 1
21145 143.5 1
21150 143.5 1
21155 143.5 1
21160 143.5 1
21165 143.5 1
21170 143.5 1
21175 143.5 1
21180 143.5 1
21185 143.5 1
21190 143.5 1
21195 143.5 1
21200 143.5 1
21205 143.5 1
21210 143.5 1
21215 143.5 1
21220 143.5 1
21225 143.5 1
21230 143.5 1
21235 143.5 1
21240 143.5 1
21245 143.5 1
21250 143.5 1
21255 143.5 1
21260 143.5 1
21265 143.5 1
21270 143.5 1
21275 143.5 1
21280 143.5 1
21285 143.5 1
21290 143.5 1
21295 143.5 1
21300 143.5 1
21305 143.5 1
21310 143.5 1
21315 143.5 1
21320 143.5 1
21325 143.5 1
21330 143.5 1
21335 143.5 1
21340 143.5 1
21345 143.5 1
21350 143.5 1
21355 143.5 1
21360 143.5 1
21365 143.5 1
21370 143.5 1
21375 143.5 1
21380 143.5 1
21385 143.5 1
21390 143.5 1
21395 143.5 1
21400 143.5 1
21405 143.5 1
21410 143.5 1
21415 143.5 1
21420 143.5 1
21425 143.5 1
21430 143.5 1
21435 143.5 1
21440 143.5 1
21445 143.5 1
21450 143.5 1
21455 143.5 1
21460 143.5 1
21465 143.5 1
21470 143.5 1
21475 143.5 1
21480 143.5 1
21485 143.5 1
21490 143.5 1
21495 143.5 1
21500 143.5 1
21505 143.5 1
21510 143.5 1
21515 143.5 1
21520 143.5 1
21525 143.5 1
21530 143.5 1
21535 143.5 1
21540 143.5 1
21545 143.5 1
21550 143.5 1
21555 143.5 1
21560 143.5 1
21565 143.5 1
21570 143.4 1
21575 143.4 1
21580 143.4 1
21585 143.4 1
21590 143.4 1
21595 143.4 1
21600 143.4 1
21605 143.4 1
21610 143.4 1
21615 143.4 1
21620 143.4 1
21625 143.4 1
21630 143.4 1
21635 143.4 1
21640 143.4 1
21645 143.4 1
21650 143.4 1
21655 143.4 1
21660 143.4 1
21665 143.4 1
21670 143.4 1
21675 143.4 1
21680 143.4 1
21685 143.4 1
21690 143.4 1
21695 143.4 1
21700 143.4 1
21705 143.4 1
21710 143.4 1
21715 143.4 1
21720 143.4 1
21725 143.4 1
21730 143.4 1
21735 143.4 1
21740 143.4 1
21745 143.4 1
21750 143.4 1
21755 143.4 1
21760 143.4 1
21765 143.4 1
21770 143.4 1
21775 143.4 1
21780 143.4 1
21785 143.4 1
21790 143.4 1
21795 143.4 1
21800 143.4 1
21805 143.4 1
21810 143.4 1
21815 143.4 1
21820 143.4 1
21825 143.4 1
21830 143.4 1
21835 143.4 1
21840 143.4 1
21845 143.4 1
21850 143.4 1
21855 143.4 1
21860 143.4 1
21865 143.4 1
21870 143.4 1
21875 143.4 1
21880 143.4 1
21885 143.4 1
21890 143.4 1
21895 143.4 1
21900 143.4 1
21905 143.4 1
21910 143.4 1
21915 143.4 1
21920 143.4 1
21925 143.4 1
21930 143.4 1
21935 143.4 1
21940 143.4 1
21945 143.4 1
21950 143.4 1
21955 143.4 1
21960 143.4 1
21965 143.4 1
21970 143.4 1
21975 143.4 1
21980 143.4 1
21985 143.4 1
21990 143.4 1
21995 143.4 1
22000 143.4 1
22005 143.4 1
22010 143.4 1
22015 143.4 1
22020 143.4 1
22025 143.4 1
22030 143.4 1
22035 143.4 1
22040 143.4 1
22045 143.4 1
22050 143.4 1
22055 143.4 1
22060 143.4 1
22065 143.4 1
22070 143.4 1
22075 143.4 1
22080 143.4 1
22085 143.4 1
22090 143.4 1
22095 143.4 1
22100 143.4 1
22105 143.4 1
22110 143.4 1
22115 143.4 1
22120 143.4 1
22125 143.4 1
22130 143.4 1
22135 143.4 1
22140 143.4 1
22145 143.4 1
22150 143.4 1
22155 143.4 1
22160 143.4 1
22165 143.4 1
22170 143.4 1
22175 143.4 1
22180 143.4 1
22185 143.4 1
22190 143.4 1
22195 143.4 1
22200 143.4 1
22205 143.4 1
22210 143.4 1
22215 143.4 1
22220 143.4 1
22225 143.4 1
22230 143.4 1
22235 143.4 1
22240 143.4 1
22245 143.4 1
22250 143.4 1
22255 143.4 1
22260 143.4 1
22265 143.4 1
22270 143.4 1
22275 143.4 1
22280 143.4 1
22285 143.4 1
22290 143.4 1
22295 143.4 1
22300 143.4 1
22305 143.4 1
22310 143.4 1
22315 143.4 1
22320 143.4 1
22325 143.4 1
22330 143.4 1
22335 143.4 1
22340 143.4 1
22345 143.5 1
22350 143.5 1
22355 143.5 1
22360 143.5 1
22365 143.5 1
22370 143.5 1
22375 143.5 1
22380 143.5 1
22385 143.5 1
22390 143.5 1
22395 143.5 1
22400 143.5 1
22405 143.5 1
22410 143.5 1
22415 143.5 1
22420 143.5 1
22425 143.5 1
22430 143.5 1
22435 143.5 1
22440 143.5 1
22445 143.5 1
22450 143.5 1
22455 143.5 1
22460 143.5 1
22465 143.5 1
22470 143.5 1
22475 143.5 1
22480 143.5 1
22485 143.5 1
22490 143.5 1
22495 143.5 1
22500 143.5 1
22505 143.5 1
22510 143.5 1
22515 143.5 1
22520 143.6 1
22525 143.6 1
22530 143.6 1
22535 143.6 1
22540 143.6 1
22545 143.6 1
22550 143.6 1
22555 143.6 1
22560 143.6 1
22565 143.6 1
22570 143.6 1
22575 143.6 1
22580 143.6 1
22585 143.6 1
22590 143.6 1
22595 143.6 1
22600 143.6 1
22605 143.6 1
22610 143.6 1
22615 143.6 1
22620 143.6 1
22625 143.6 1
22630 143.6 1
22635 143.7 1
22640 143.7 1
22645 143.7 1
22650 143.7 1
22655 143.7 1
22660 143.7 1
22665 143.7 1
22670 143.7 1
22675 143.7 1
22680 143.7 1
22685 143.7 1
22690 143.7 1
22695 143.7 1
22700 143.7 1
22705 143.7 1
22710 143.7 1
22715 143.7 1
22720 143.7 1
22725 143.7 1
22730 143.8 1
22735 143.8 1
22740 143.8 1
22745 143.8 1
22750 143.8 1
22755 143.8 1
22760 143.8 1
22765 143.8 1
22770 143.8 1
22775 143.8 1
22780 143.8 1
22785 143.8 1
22790 143.8 1
22795 143.8 1
22800 143.8 1
22805 143.8 1
22810 143.9 1
22815 143.9 1
22820 143.9 1
22825 143.9 1
22830 143.9 1
22835 143.9 1
22840 143.9 1
22845 143.9 1
22850 143.9 1
22855 143.9 1
22860 143.9 1
22865 143.9 1
22870 143.9 1
22875 143.9 1
22880 144 1
22885 144 1
22890 144 1
22895 144 1
22900 144 1
22905 144 1
22910 144 1
22915 144 1
22920 144 1
22925 144 1
22930 144 1
22935 144 1
22940 144.1 1
22945 144.1 1
22950 144.1 1
22955 144.1 1
22960 144.1 1
22965 144.1 1
22970 144.1 1
22975 155.6 1
22980 155.8 1
22985 156.1 1
22990 156.4 1
22995 156.7 1
23000 157 1
23005 157.3 1
23010 157.6 1
23015 157.9 1
23020 158.2 1
23025 158.6 1
23030 159 1
23035 159.3 1
23040 159.7 1
23045 160.1 1
23050 160.6 1
23055 161 1
23060 161.5 1
23065 161.9 1
23070 162.4 1
23075 162.9 1
23080 163.5 1
23085 164 1
23090 164.6 1
23095 165.2 1
23100 165.8 1
23105 166.5 1
23110 167.2 1
23115 167.9 1
23120 168.7 1
23125 169.5 1
23130 170.3 1
23135 171.2 1
23140 172.1 1
23145 173.1 1
23150 174.1 1
23155 175.2 1
23160 176.3 1
23165 177.5 1
23170 178.7 1
23175 180.1 1
23180 181.5 1
23185 183 1
23190 184.5 1
23195 186.2 1
23200 188 1
23205 189.9 1
23210 191.9 1
23215 194.1 1
23220 196.4 1
23225 198.9 1
23230 201.6 1
23235 204.5 1
23240 207.6 1
23245 210.9 1
23250 214.5 1
23255 218.4 1
23260 222.7 1
23265 227.3 1
23270 232.3 1
23275 237.9 1
23280 243.9 1
23285 250.6 1
23290 258 1
23295 266.2 1
23300 275.3 1
23305 285.4 1
23310 296.8 1
23315 309.7 1
23320 324.3 1
23325 341.2 1
23330 360.8 1
23335 384.2 1
23340 413.3 1
23345 451 1
23350 503.2 1
23355 579.5 1
23360 696.6 1
23365 880.7 1
23370 1170.6 1
23375 1619.3 1
23380 2291.9 1
23385 3258.7 1
23390 4581.5 1
23395 6294.2 1
23400 8381.1 1
23405 10758.5 1
23410 13266.7 1
23415 15679.3 1
23420 17736.9 1
23425 19203.4 1
23430 19926.1 1
23435 19869 1
23440 19106 1
23445 17787.9 1
23450 16101.3 1
23455 14231.8 1
23460 12337.8 1
23465 10535.8 1
23470 8898.3 1
23475 7459.9 1
23480 6226.8 1
23485 5187.5 1
23490 4321.2 1
23495 3604.2 1
23500 3013 1
23505 2526.4 1
23510 2126.2 1
23515 1797 1
23520 1526 1
23525 1302.9 1
23530 1118.9 1
23535 967 1
23540 841.4 1
23545 737.5 1
23550 651.3 1
23555 579.6 1
23560 519.9 1
23565 470.1 1
23570 428.4 1
23575 393.5 1
23580 364 1
23585 339.2 1
23590 318.1 1
23595 300.2 1
23600 284.9 1
23605 271.8 1
23610 260.5 1
23615 250.7 1
23620 242.2 1
23625 234.8 1
23630 228.3 1
23635 222.6 1
23640 217.5 1
23645 213 1
23650 209 1
23655 205.3 1
23660 202.1 1
23665 199.1 1
23670 196.4 1
23675 193.9 1
23680 191.7 1
23685 189.6 1
23690 187.7 1
23695 185.9 1
23700 184.3 1
23705 182.7 1
23710 181.3 1
23715 180 1
23720 178.7 1
23725 177.6 1
23730 176.4 1
23735 175.4 1
23740 174.4 1
23745 173.5 1
23750 172.6 1
23755 171.8 1
23760 171 1
23765 170.2 1
23770 169.5 1
23775 168.8 1
23780 168.2 1
23785 167.6 1
23790 167 1
23795 166.4 1
23800 165.9 1
23805 165.4 1
23810 164.9 1
23815 164.4 1
23820 164 1
23825 163.6 1
23830 163.1 1
23835 162.7 1
23840 162.4 1
23845 162 1
23850 161.7 1
23855 161.3 1
23860 161 1
23865 160.7 1
23870 160.4 1
23875 160.1 1
23880 159.8 1
23885 159.6 1
23890 159.3 1
23895 159.1 1
23900 158.8 1
23905 158.6 1
23910 158.4 1
23915 158.2 1
23920 158 1
23925 157.8 1
23930 157.6 1
23935 157.4 1
23940 157.2 1
23945 157 1
23950 156.9 1
23955 156.7 1
23960 156.5 1
23965 156.4 1
23970 156.2 1
23975 156.1 1
23980 156 1
23985 155.8 1
23990 155.7 1
23995 155.6 1
24000 155.5 1
24005 155.4 1
24010 155.3 1
24015 155.1 1
24020 155 1
24025 154.9 1
24030 154.8 1
24035 154.8 1
24040 154.7 1
24045 154.6 1
24050 154.5 1
24055 154.4 1
24060 154.3 1
24065 154.3 1
24070 154.2 1
24075 154.1 1
24080 148 1
24085 148 1
24090 148.1 1
24095 148.1 1
24100 148.1 1
24105 148.1 1
24110 148.2 1
24115 148.2 1
24120 148.2 1
24125 148.3 1
24130 148.3 1
24135 148.3 1
24140 148.3 1
24145 148.4 1
24150 148.4 1
24155 148.4 1
24160 148.5 1
24165 148.5 1
24170 148.5 1
24175 148.5 1
24180 148.6 1
24185 148.6 1
24190 148.6 1
24195 148.7 1
24200 148.7 1
24205 148.7 1
24210 148.7 1
24215 148.8 1
24220 148.8 1
24225 148.8 1
24230 148.9 1
24235 148.9 1
24240 148.9 1
24245 149 1
24250 149 1
24255 149 1
24260 149 1
24265 149.1 1
24270 149.1 1
24275 149.1 1
24280 149.2 1
24285 149.2 1
24290 149.2 1
24295 149.3 1
24300 149.3 1
24305 149.3 1
24310 149.4 1
24315 149.4 1
24320 149.4 1
24325 149.5 1
24330 149.5 1
24335 149.5 1
24340 149.6 1
24345 149.6 1
24350 149.6 1
24355 149.6 1
24360 149.7 1
24365 149.7 1
24370 149.7 1
24375 149.8 1
24380 149.8 1
24385 149.8 1
24390 149.9 1
24395 149.9 1
24400 149.9 1
24405 150 1
24410 150 1
24415 150 1
24420 150.1 1
24425 150.1 1
24430 150.1 1
24435 150.2 1
24440 150.2 1
24445 150.3 1
24450 150.3 1
24455 150.3 1
24460 150.4 1
24465 150.4 1
24470 150.4 1
24475 150.5 1
24480 150.5 1
24485 150.5 1
24490 150.6 1
24495 150.6 1
24500 150.6 1
24505 150.7 1
24510 150.7 1
24515 150.7 1
24520 150.8 1
24525 150.8 1
24530 150.8 1
24535 150.9 1
24540 150.9 1
24545 151 1
24550 151 1
24555 151 1
24560 151.1 1
24565 151.1 1
24570 151.1 1
24575 151.2 1
24580 151.2 1
24585 151.3 1
24590 151.3 1
24595 151.3 1
24600 151.4 1
24605 151.4 1
24610 151.4 1
24615 151.5 1
24620 151.5 1
24625 151.5 1
24630 151.6 1
24635 151.6 1
24640 151.7 1
24645 151.7 1
24650 151.7 1
24655 151.8 1
24660 151.8 1
24665 151.9 1
24670 151.9 1
24675 151.9 1
24680 152 1
24685 152 1
24690 152 1
24695 152.1 1
24700 152.1 1
24705 152.2 1
24710 152.2 1
24715 152.2 1
24720 152.3 1
24725 152.3 1
24730 152.4 1
24735 152.4 1
24740 152.4 1
24745 152.5 1
24750 152.5 1
24755 152.6 1
24760 152.6 1
24765 152.6 1
24770 152.7 1
24775 152.7 1
24780 152.8 1
24785 152.8 1
24790 152.8 1
24795 152.9 1
24800 152.9 1
24805 153 1
24810 153 1
24815 153.1 1
24820 153.1 1
24825 153.1 1
24830 153.2 1
24835 153.2 1
24840 153.3 1
24845 153.3 1
24850 153.3 1
24855 153.4 1
24860 153.4 1
24865 153.5 1
24870 153.5 1
24875 153.6 1
24880 153.6 1
24885 153.6 1
24890 153.7 1
24895 153.7 1
24900 153.8 1
24905 153.8 1
24910 153.9 1
24915 153.9 1
24920 153.9 1
24925 154 1
24930 154 1
24935 154.1 1
24940 154.1 1
24945 154.2 1
24950 154.2 1
24955 154.2 1
24960 154.3 1
24965 154.3 1
24970 154.4 1
24975 154.4 1
24980 154.5 1
24985 154.5 1
24990 154.6 1
24995 154.6 1
25000 154.6 1
25005 154.7 1
25010 154.7 1
25015 154.8 1
25020 154.8 1
25025 154.9 1
25030 154.9 1
25035 155 1
25040 155 1
25045 155.1 1
25050 155.1 1
25055 155.1 1
25060 155.2 1
25065 155.2 1
25070 155.3 1
25075 155.3 1
25080 155.4 1
25085 155.4 1
25090 155.5 1
25095 155.5 1
25100 155.6 1
25105 155.6 1
25110 155.6 1
25115 155.7 1
25120 155.7 1
25125 155.8 1
25130 155.8 1
25135 155.9 1
25140 155.9 1
25145 156 1
25150 156 1
25155 156.1 1
25160 156.1 1
25165 156.2 1
25170 156.2 1
25175 156.3 1
25180 156.3 1
25185 156.4 1
25190 156.4 1
25195 156.5 1
25200 156.5 1
25205 156.6 1
25210 156.6 1
25215 156.6 1
25220 156.7 1
25225 156.7 1
25230 156.8 1
25235 156.8 1
25240 156.9 1
25245 156.9 1
25250 157 1
25255 157 1
25260 157.1 1
25265 157.1 1
25270 157.2 1
25275 157.2 1
25280 157.3 1
25285 157.3 1
25290 157.4 1
25295 157.4 1
25300 157.5 1
25305 157.5 1
25310 157.6 1
25315 157.6 1
25320 157.7 1
25325 157.7 1
25330 157.8 1
25335 157.8 1
25340 157.9 1
25345 157.9 1
25350 158 1
25355 158 1
25360 158.1 1
25365 158.1 1
25370 158.2 1
25375 158.2 1
25380 158.3 1
25385 158.3 1
25390 158.4 1
25395 158.4 1
25400 158.5 1
25405 158.5 1
25410 158.6 1
25415 158.6 1
25420 158.7 1
25425 158.8 1
25430 158.8 1
25435 158.9 1
25440 158.9 1
25445 159 1
25450 159 1
25455 159.1 1
25460 159.1 1
25465 159.2 1
25470 159.2 1
25475 159.3 1
25480 159.3 1
25485 159.4 1
25490 159.4 1
25495 159.5 1
25500 159.5 1
25505 159.6 1
25510 159.6 1
25515 159.7 1
25520 159.7 1
25525 159.8 1
25530 159.9 1
25535 159.9 1
25540 160 1
25545 160 1
25550 160.1 1
25555 160.1 1
25560 160.2 1
25565 160.2 1
25570 160.3 1
25575 160.3 1
25580 160.4 1
25585 160.4 1
25590 160.5 1
25595 160.6 1
25600 160.6 1
25605 160.7 1
25610 160.7 1
25615 160.8 1
25620 160.8 1
25625 160.9 1
25630 160.9 1
25635 161 1
25640 161 1
25645 161.1 1
25650 161.2 1
25655 161.2 1
25660 161.3 1
25665 161.3 1
25670 161.4 1
25675 161.4 1
25680 161.5 1
25685 161.5 1
25690 161.6 1
25695 161.7 1
25700 161.7 1
25705 161.8 1
25710 161.8 1
25715 161.9 1
25720 161.9 1
25725 162 1
25730 162 1
25735 162.1 1
25740 162.2 1
25745 162.2 1
25750 162.3 1
25755 162.3 1
25760 162.4 1
25765 162.4 1
25770 162.5 1
25775 162.6 1
25780 162.6 1
25785 162.7 1
25790 162.7 1
25795 162.8 1
25800 162.8 1
25805 162.9 1
25810 163 1
25815 163 1
25820 163.1 1
25825 163.1 1
25830 163.2 1
25835 163.2 1
25840 163.3 1
25845 163.4 1
25850 163.4 1
25855 163.5 1
25860 163.5 1
25865 163.6 1
25870 163.6 1
25875 163.7 1
25880 163.8 1
25885 163.8 1
25890 163.9 1
25895 163.9 1
25900 164 1
25905 164 1
25910 164.1 1
25915 164.2 1
25920 164.2 1
25925 164.3 1
25930 164.3 1
25935 164.4 1
25940 164.5 1
25945 164.5 1
25950 164.6 1
25955 164.6 1
25960 164.7 1
25965 164.7 1
25970 164.8 1
25975 164.9 1
25980 164.9 1
25985 165 1
25990 165 1
25995 165.1 1
26000 165.2 1
26005 165.2 1
26010 165.3 1
26015 165.3 1
26020 165.4 1
26025 165.5 1
26030 165.5 1
26035 165.6 1
26040 165.6 1
26045 165.7 1
26050 165.8 1
26055 165.8 1
26060 165.9 1
26065 165.9 1
26070 166 1
26075 166.1 1
26080 166.1 1
26085 166.2 1
26090 166.2 1
26095 166.3 1
26100 166.4 1
26105 166.4 1
26110 166.5 1
26115 166.5 1
26120 166.6 1
26125 166.7 1
26130 166.7 1
26135 166.8 1
26140 166.8 1
26145 166.9 1
26150 167 1
26155 167 1
26160 167.1 1
26165 167.1 1
26170 167.2 1
26175 167.3 1
26180 167.3 1
26185 167.4 1
26190 167.4 1
26195 167.5 1
26200 167.6 1
26205 167.6 1
26210 167.7 1
26215 167.7 1
26220 167.8 1
26225 167.9 1
26230 167.9 1
26235 168 1
26240 168 1
26245 168.1 1
26250 168.2 1
26255 168.2 1
26260 168.3 1
26265 168.4 1
26270 168.4 1
26275 168.5 1
26280 168.5 1
26285 168.6 1
26290 168.7 1
26295 168.7 1
26300 168.8 1
26305 168.8 1
26310 168.9 1
26315 169 1
26320 169 1
26325 169.1 1
26330 169.2 1
26335 169.2 1
26340 169.3 1
26345 169.3 1
26350 169.4 1
26355 169.5 1
26360 169.5 1
26365 169.6 1
26370 169.7 1
26375 169.7 1
26380 169.8 1
26385 169.8 1
26390 169.9 1
26395 170 1
26400 170 1
26405 170.1 1
26410 170.1 1
26415 170.2 1
26420 170.3 1
26425 170.3 1
26430 170.4 1
26435 170.5 1
26440 170.5 1
26445 170.6 1
26450 170.6 1
26455 170.7 1
26460 170.8 1
26465 170.8 1
26470 170.9 1
26475 171 1
26480 171 1
26485 171.1 1
26490 171.1 1
26495 171.2 1
26500 171.3 1
26505 171.3 1
26510 171.4 1
26515 171.5 1
26520 171.5 1
26525 171.6 1
26530 171.7 1
26535 171.7 1
26540 171.8 1
26545 171.8 1
26550 171.9 1
26555 172 1
26560 172 1
26565 172.1 1
26570 172.2 1
26575 172.2 1
26580 172.3 1
26585 172.3 1
26590 172.4 1
26595 172.5 1
26600 172.5 1
26605 172.6 1
26610 172.7 1
26615 172.7 1
26620 172.8 1
26625 172.8 1
26630 172.9 1
26635 173 1
26640 173 1
26645 173.1 1
26650 173.2 1
26655 173.2 1
26660 173.3 1
26665 173.4 1
26670 173.4 1
26675 173.5 1
26680 173.5 1
26685 173.6 1
26690 173.7 1
26695 173.7 1
26700 173.8 1
26705 173.9 1
26710 173.9 1
26715 174 1
26720 174 1
26725 174.1 1
26730 174.2 1
26735 174.2 1
26740 174.3 1
26745 174.4 1
26750 174.4 1
26755 174.5 1
26760 174.6 1
26765 174.6 1
26770 174.7 1
26775 174.7 1
26780 174.8 1
26785 174.9 1
26790 174.9 1
26795 175 1
26800 175.1 1
26805 175.1 1
26810 175.2 1
26815 175.2 1
26820 175.3 1
26825 175.4 1
26830 175.4 1
26835 175.5 1
26840 175.6 1
26845 175.6 1
26850 175.7 1
26855 175.8 1
26860 175.8 1
26865 175.9 1
26870 175.9 1
26875 176 1
26880 176.1 1
26885 176.1 1
26890 176.2 1
26895 176.3 1
26900 176.3 1
26905 176.4 1
26910 176.4 1
26915 176.5 1
26920 176.6 1
26925 176.6 1
26930 176.7 1
26935 176.8 1
26940 176.8 1
26945 176.9 1
26950 177 1
26955 177 1
26960 177.1 1
26965 177.1 1
26970 177.2 1
26975 177.3 1
26980 177.3 1
26985 177.4 1
26990 177.5 1
26995 177.5 1
27000 177.6 1
27005 177.6 1
27010 177.7 1
27015 177.8 1
27020 177.8 1
27025 177.9 1
27030 178 1
27035 178 1
27040 178.1 1
27045 178.2 1
27050 178.2 1
27055 178.3 1
27060 178.3 1
27065 178.4 1
27070 178.5 1
27075 178.5 1
27080 178.6 1
27085 178.7 1
27090 178.7 1
27095 178.8 1
27100 178.8 1
27105 178.9 1
27110 179 1
27115 179 1
27120 179.1 1
27125 179.2 1
27130 179.2 1
27135 179.3 1
27140 179.3 1
27145 179.4 1
27150 179.5 1
27155 179.5 1
27160 179.6 1
27165 179.7 1
27170 179.7 1
27175 179.8 1
27180 179.8 1
27185 179.9 1
27190 180 1
27195 180 1
27200 180.1 1
27205 180.2 1
27210 180.2 1
27215 180.3 1
27220 180.3 1
27225 180.4 1
27230 180.5 1
27235 180.5 1
27240 180.6 1
27245 180.6 1
27250 180.7 1
27255 180.8 1
27260 180.8 1
27265 180.9 1
27270 181 1
27275 181 1
27280 181.1 1
27285 181.1 1
27290 181.2 1
27295 181.3 1
27300 181.3 1
27305 181.4 1
27310 181.4 1
27315 181.5 1
27320 181.6 1
27325 181.6 1
27330 181.7 1
27335 181.8 1
27340 181.8 1
27345 181.9 1
27350 181.9 1
27355 182 1
27360 182.1 1
27365 182.1 1
27370 182.2 1
27375 182.2 1
27380 182.3 1
27385 182.4 1
27390 182.4 1
27395 182.5 1
27400 182.5 1
27405 182.6 1
27410 182.7 1
27415 182.7 1
27420 182.8 1
27425 182.8 1
27430 182.9 1
27435 183 1
27440 183 1
27445 183.1 1
27450 183.2 1
27455 183.2 1
27460 183.3 1
27465 183.3 1
27470 183.4 1
27475 183.5 1
27480 183.5 1
27485 183.6 1
27490 183.6 1
27495 183.7 1
27500 183.8 1
27505 183.8 1
27510 183.9 1
27515 183.9 1
27520 184 1
27525 184 1
27530 184.1 1
27535 184.2 1
27540 184.2 1
27545 184.3 1
27550 184.3 1
27555 184.4 1
27560 184.5 1
27565 184.5 1
27570 184.6 1
27575 184.6 1
27580 184.7 1
27585 184.8 1
27590 184.8 1
27595 184.9 1
27600 184.9 1
27605 185 1
27610 185.1 1
27615 185.1 1
27620 185.2 1
27625 185.2 1
27630 185.3 1
27635 185.3 1
27640 185.4 1
27645 185.5 1
27650 185.5 1
27655 185.6 1
27660 185.6 1
27665 185.7 1
27670 185.8 1
27675 185.8 1
27680 185.9 1
27685 185.9 1
27690 186 1
27695 186 1
27700 186.1 1
27705 186.2 1
27710 186.2 1
27715 186.3 1
27720 186.3 1
27725 186.4 1
27730 186.4 1
27735 186.5 1
27740 186.6 1
27745 186.6 1
27750 186.7 1
27755 186.7 1
27760 186.8 1
27765 186.8 1
27770 186.9 1
27775 187 1
27780 187 1
27785 187.1 1
27790 187.1 1
27795 187.2 1
27800 187.2 1
27805 187.3 1
27810 187.3 1
27815 187.4 1
27820 187.5 1
27825 187.5 1
27830 187.6 1
27835 187.6 1
27840 187.7 1
27845 187.7 1
27850 187.8 1
27855 187.8 1
27860 187.9 1
27865 188 1
27870 188 1
27875 188.1 1
27880 188.1 1
27885 188.2 1
27890 188.2 1
27895 188.3 1
27900 188.3 1
27905 188.4 1
27910 188.5 1
27915 188.5 1
27920 188.6 1
27925 188.6 1
27930 188.7 1
27935 188.7 1
27940 188.8 1
27945 188.8 1
27950 188.9 1
27955 188.9 1
27960 189 1
27965 189 1
27970 189.1 1
27975 189.2 1
27980 189.2 1
27985 189.3 1
27990 189.3 1
27995 189.4 1
28000 189.4 1
28005 189.5 1
28010 189.5 1
28015 189.6 1
28020 189.6 1
28025 189.7 1
28030 189.7 1
28035 189.8 1
28040 189.8 1
28045 189.9 1
28050 189.9 1
28055 190 1
28060 190 1
28065 190.1 1
28070 190.2 1
28075 190.2 1
28080 190.3 1
28085 190.3 1
28090 190.4 1
28095 190.4 1
28100 190.5 1
28105 190.5 1
28110 190.6 1
28115 190.6 1
28120 190.7 1
28125 190.7 1
28130 190.8 1
28135 190.8 1
28140 190.9 1
28145 190.9 1
28150 191 1
28155 191 1
28160 191.1 1
28165 191.1 1
28170 191.2 1
28175 191.2 1
28180 191.3 1
28185 191.3 1
28190 191.4 1
28195 191.4 1
28200 191.5 1
28205 191.5 1
28210 191.6 1
28215 191.6 1
28220 191.7 1
28225 191.7 1
28230 191.8 1
28235 191.8 1
28240 191.9 1
28245 191.9 1
28250 192 1
28255 192 1
28260 192.1 1
28265 192.1 1
28270 192.1 1
28275 192.2 1
28280 192.2 1
28285 192.3 1
28290 192.3 1
28295 192.4 1
28300 192.4 1
28305 192.5 1
28310 192.5 1
28315 192.6 1
28320 192.6 1
28325 192.7 1
28330 192.7 1
28335 192.8 1
28340 192.8 1
28345 192.9 1
28350 192.9 1
28355 192.9 1
28360 193 1
28365 193 1
28370 193.1 1
28375 193.1 1
28380 193.2 1
28385 193.2 1
28390 193.3 1
28395 193.3 1
28400 193.4 1
28405 193.4 1
28410 193.5 1
28415 193.5 1
28420 193.5 1
28425 193.6 1
28430 193.6 1
28435 193.7 1
28440 193.7 1
28445 193.8 1
28450 193.8 1
28455 193.9 1
28460 193.9 1
28465 193.9 1
28470 194 1
28475 194 1
28480 194.1 1
28485 194.1 1
28490 194.2 1
28495 194.2 1
28500 194.2 1
28505 194.3 1
28510 194.3 1
28515 194.4 1
28520 194.4 1
28525 194.5 1
28530 194.5 1
28535 194.5 1
28540 194.6 1
28545 194.6 1
28550 194.7 1
28555 194.7 1
28560 194.7 1
28565 194.8 1
28570 194.8 1
28575 194.9 1
28580 194.9 1
28585 195 1
28590 195 1
28595 195 1
28600 195.1 1
28605 195.1 1
28610 195.2 1
28615 195.2 1
28620 195.2 1
28625 195.3 1
28630 195.3 1
28635 195.4 1
28640 195.4 1
28645 195.4 1
28650 195.5 1
28655 195.5 1
28660 195.6 1
28665 195.6 1
28670 195.6 1
28675 195.7 1
28680 195.7 1
28685 195.8 1
28690 195.8 1
28695 195.8 1
28700 195.9 1
28705 195.9 1
28710 195.9 1
28715 196 1
28720 196 1
28725 196.1 1
28730 196.1 1
28735 196.1 1
28740 196.2 1
28745 196.2 1
28750 196.2 1
28755 196.3 1
28760 196.3 1
28765 196.4 1
28770 196.4 1
28775 196.4 1
28780 196.5 1
28785 196.5 1
28790 196.5 1
28795 196.6 1
28800 196.6 1
28805 196.6 1
28810 196.7 1
28815 196.7 1
28820 196.7 1
28825 196.8 1
28830 196.8 1
28835 196.9 1
28840 196.9 1
28845 196.9 1
28850 197 1
28855 197 1
28860 197 1
28865 197.1 1
28870 197.1 1
28875 197.1 1
28880 197.2 1
28885 197.2 1
28890 197.2 1
28895 197.3 1
28900 197.3 1
28905 197.3 1
28910 197.4 1
28915 197.4 1
28920 197.4 1
28925 197.5 1
28930 197.5 1
28935 197.5 1
28940 197.5 1
28945 197.6 1
28950 197.6 1
28955 197.6 1
28960 197.7 1
28965 197.7 1
28970 197.7 1
28975 197.8 1
28980 197.8 1
28985 197.8 1
28990 197.9 1
28995 197.9 1
29000 197.9 1
29005 198 1
29010 198 1
29015 198 1
29020 198 1
29025 198.1 1
29030 198.1 1
29035 198.1 1
29040 198.2 1
29045 198.2 1
29050 198.2 1
29055 198.2 1
29060 198.3 1
29065 198.3 1
29070 198.3 1
29075 198.4 1
29080 198.4 1
29085 198.4 1
29090 198.4 1
29095 198.5 1
29100 198.5 1
29105 198.5 1
29110 198.6 1
29115 198.6 1
29120 198.6 1
29125 198.6 1
29130 198.7 1
29135 198.7 1
29140 198.7 1
29145 198.7 1
29150 198.8 1
29155 198.8 1
29160 198.8 1
29165 198.8 1
29170 198.9 1
29175 198.9 1
29180 198.9 1
29185 198.9 1
29190 199 1
29195 199 1
29200 199 1
29205 199 1
29210 199.1 1
29215 199.1 1
29220 199.1 1
29225 199.1 1
29230 199.2 1
29235 199.2 1
29240 199.2 1
29245 199.2 1
29250 199.3 1
29255 199.3 1
29260 199.3 1
29265 199.3 1
29270 199.3 1
29275 199.4 1
29280 199.4 1
29285 199.4 1
29290 199.4 1
29295 199.5 1
29300 199.5 1
29305 199.5 1
29310 199.5 1
29315 199.5 1
29320 199.6 1
29325 199.6 1
29330 199.6 1
29335 199.6 1
29340 199.6 1
29345 199.7 1
29350 199.7 1
29355 199.7 1
29360 199.7 1
29365 199.7 1
29370 199.8 1
29375 199.8 1
29380 199.8 1
29385 199.8 1
29390 199.8 1
29395 199.9 1
29400 199.9 1
29405 199.9 1
29410 199.9 1
29415 199.9 1
29420 200 1
29425 200 1
29430 200 1
29435 200 1
29440 200 1
29445 200 1
29450 200.1 1
29455 200.1 1
29460 200.1 1
29465 200.1 1
29470 200.1 1
29475 200.1 1
29480 200.2 1
29485 200.2 1
29490 200.2 1
29495 200.2 1
29500 200.2 1
29505 200.2 1
29510 200.3 1
29515 200.3 1
29520 200.3 1
29525 200.3 1
29530 200.3 1
29535 200.3 1
29540 200.3 1
29545 200.4 1
29550 200.4 1
29555 200.4 1
29560 200.4 1
29565 200.4 1
29570 200.4 1
29575 200.4 1
29580 200.5 1
29585 200.5 1
29590 200.5 1
29595 200.5 1
29600 200.5 1
29605 200.5 1
29610 200.5 1
29615 200.5 1
29620 200.6 1
29625 200.6 1
29630 200.6 1
29635 200.6 1
29640 200.6 1
29645 200.6 1
29650 200.6 1
29655 200.6 1
29660 200.6 1
29665 200.7 1
29670 200.7 1
29675 200.7 1
29680 200.7 1
29685 200.7 1
29690 200.7 1
29695 200.7 1
29700 200.7 1
29705 200.7 1
29710 200.7 1
29715 200.7 1
29720 200.8 1
29725 200.8 1
29730 200.8 1
29735 200.8 1
29740 200.8 1
29745 200.8 1
29750 200.8 1
29755 200.8 1
29760 200.8 1
29765 200.8 1
29770 200.8 1
29775 200.8 1
29780 200.9 1
29785 200.9 1
29790 200.9 1
29795 200.9 1
29800 200.9 1
29805 200.9 1
29810 200.9 1
29815 200.9 1
29820 200.9 1
29825 200.9 1
29830 200.9 1
29835 200.9 1
29840 200.9 1
29845 200.9 1
29850 200.9 1
29855 200.9 1
29860 200.9 1
29865 200.9 1
29870 200.9 1
29875 201 1
29880 201 1
29885 201 1
29890 201 1
29895 201 1
29900 201 1
29905 201 1
29910 201 1
29915 201 1
29920 201 1
29925 201 1
29930 201 1
29935 201 1
29940 201 1
29945 201 1
29950 201 1
29955 201 1
29960 201 1
29965 201 1
29970 201 1
29975 201 1
29980 201 1
29985 201 1
29990 201 1
29995 201 1
